  7.2500000000000000e+000	  1.0180000000000000e+001	 -1.0354000000000001e+003	 -2.1772700000000000e-001	 -6.9728800000000002e-001	 -1.1781500000000000e-001	  6.7268499999999998e-001	
  2.9300000000000002e+000	  1.1799999999999999e+000	 -1.0340400000000000e+003	 -1.9411800000000001e-001	 -7.0106400000000002e-001	 -9.7808900000000004e-002	  6.7916200000000004e-001	
 -1.1399999999999999e+000	 -8.9000000000000004e+000	 -1.0332900000000000e+003	 -1.7091200000000001e-001	 -7.0545000000000002e-001	 -7.3105199999999995e-002	  6.8394800000000000e-001	
 -7.7400000000000002e+000	 -3.2729999999999997e+001	 -1.0307700000000000e+003	 -1.0910499999999999e-001	 -7.1243400000000001e-001	 -2.5601200000000001e-002	  6.9273300000000004e-001	
 -9.5899999999999999e+000	 -4.4829999999999998e+001	 -1.0293199999999999e+003	 -8.0406699999999998e-002	 -7.1385900000000002e-001	  1.0000800000000000e-004	  6.9565800000000000e-001	
 -1.0490000000000000e+001	 -5.6240000000000002e+001	 -1.0286500000000001e+003	 -5.6603300000000002e-002	 -7.1424100000000001e-001	  2.8101600000000001e-002	  6.9703999999999999e-001	
 -1.0520000000000000e+001	 -6.8150000000000006e+001	 -1.0274600000000000e+003	 -3.0301300000000000e-002	 -7.1363100000000002e-001	  5.5902399999999998e-002	  6.9762999999999997e-001	
 -8.0600000000000005e+000	 -9.0510000000000005e+001	 -1.0254400000000001e+003	  9.0008799999999993e-003	 -7.0957000000000003e-001	  1.1951199999999999e-001	  6.9436799999999999e-001	
 -5.8200000000000003e+000	 -1.0084999999999999e+002	 -1.0246700000000001e+003	  3.1503299999999998e-002	 -7.0707399999999998e-001	  1.4511499999999999e-001	  6.9137199999999999e-001	
 -2.9100000000000001e+000	 -1.1080000000000000e+002	 -1.0236200000000000e+003	  5.4902699999999999e-002	 -7.0343500000000003e-001	  1.6840800000000000e-001	  6.8833400000000000e-001	
  4.0000000000000001e-002	 -1.1923000000000000e+002	 -1.0232700000000000e+003	  7.3105199999999995e-002	 -7.0204999999999995e-001	  1.9021399999999999e-001	  6.8234899999999998e-001	
  5.1600000000000001e+000	 -1.3105000000000001e+002	 -1.0231700000000000e+003	  1.0100900000000000e-001	 -6.9696199999999997e-001	  2.1861900000000001e-001	  6.7545999999999995e-001	
  7.0199999999999996e+000	 -1.3452000000000001e+002	 -1.0220800000000000e+003	  1.1011100000000000e-001	 -6.9336799999999998e-001	  2.2672200000000001e-001	  6.7506600000000005e-001	
  7.9900000000000002e+000	 -1.3600999999999999e+002	 -1.0207400000000000e+003	  1.1460700000000000e-001	 -6.8974500000000005e-001	  2.3021500000000000e-001	  6.7684400000000000e-001	
  7.9100000000000001e+000	 -1.3534999999999999e+002	 -1.0191300000000000e+003	  1.1341400000000000e-001	 -6.8628500000000003e-001	  2.2922899999999999e-001	  6.8088499999999996e-001	
  5.2000000000000002e+000	 -1.2825000000000000e+002	 -1.0152600000000000e+003	  9.4310699999999997e-002	 -6.7987699999999995e-001	  2.1772500000000000e-001	  6.9387900000000002e-001	
  4.0000000000000000e+000	 -1.2348000000000000e+002	 -1.0107800000000000e+003	  8.3209000000000005e-002	 -6.7157199999999995e-001	  2.0862200000000000e-001	  7.0607600000000004e-001	
  3.6000000000000001e+000	 -1.1852000000000000e+002	 -1.0042800000000000e+003	  7.4307499999999999e-002	 -6.5726600000000002e-001	  1.9802000000000000e-001	  7.2337300000000004e-001	
  4.2000000000000002e+000	 -1.1358000000000000e+002	 -9.9605999999999995e+002	  6.7104200000000003e-002	 -6.3763999999999998e-001	  1.8631200000000001e-001	  7.4444600000000005e-001	
  9.7300000000000004e+000	 -1.0450000000000000e+002	 -9.7528999999999996e+002	  5.8207799999999997e-002	 -5.8157800000000004e-001	  1.6132199999999999e-001	  7.9520700000000000e-001	
  1.4260000000000000e+001	 -9.9760000000000005e+001	 -9.6424000000000001e+002	  5.0204499999999999e-002	 -5.5054899999999996e-001	  1.5381400000000001e-001	  8.1897299999999995e-001	
  2.0420000000000002e+001	 -9.5680000000000007e+001	 -9.5301999999999998e+002	  4.5901600000000001e-002	 -5.1581699999999997e-001	  1.4360500000000001e-001	  8.4332900000000000e-001	
  2.7199999999999999e+001	 -9.2060000000000002e+001	 -9.4299000000000001e+002	  4.2304799999999997e-002	 -4.8205399999999998e-001	  1.3401500000000000e-001	  8.6479700000000004e-001	
  3.9219999999999999e+001	 -8.5650000000000006e+001	 -9.2875000000000000e+002	  3.5002100000000001e-002	 -4.2752499999999999e-001	  1.1360700000000000e-001	  8.9615299999999998e-001	
  4.2659999999999997e+001	 -8.3400000000000006e+001	 -9.2523000000000002e+002	  3.2902099999999997e-002	 -4.1272700000000001e-001	  1.0260700000000000e-001	  9.0445900000000001e-001	
  4.3969999999999999e+001	 -8.1939999999999998e+001	 -9.2384000000000003e+002	  3.1801700000000002e-002	 -4.0692200000000001e-001	  9.3104999999999993e-002	  9.0814899999999998e-001	
  4.2520000000000003e+001	 -8.0140000000000001e+001	 -9.2484000000000003e+002	  2.6701500000000000e-002	 -4.1172199999999998e-001	  8.9104900000000001e-002	  9.0654900000000005e-001	
  3.1920000000000002e+001	 -7.6930000000000007e+001	 -9.3476999999999998e+002	  1.0800199999999999e-002	 -4.5230999999999999e-001	  9.1202000000000005e-002	  8.8712000000000002e-001	
  2.4320000000000000e+001	 -7.5500000000000000e+001	 -9.4336000000000001e+002	  1.7001600000000000e-003	 -4.8364699999999999e-001	  9.3209000000000000e-002	  8.7028399999999995e-001	
  1.6379999999999999e+001	 -7.4269999999999996e+001	 -9.5395000000000005e+002	 -7.0003000000000001e-003	 -5.1902199999999998e-001	  9.4103999999999993e-002	  8.4953599999999996e-001	
  8.5999999999999996e+000	 -7.2530000000000001e+001	 -9.6645000000000005e+002	 -1.7902000000000001e-002	 -5.5736100000000000e-001	  9.4410400000000005e-002	  8.2469099999999995e-001	
 -3.2700000000000000e+000	 -6.9310000000000002e+001	 -9.9351999999999998e+002	 -3.6802099999999997e-002	 -6.3123700000000005e-001	  8.8505100000000003e-002	  7.6964500000000002e-001	
 -7.2599999999999998e+000	 -6.7260000000000005e+001	 -1.0077900000000000e+003	 -4.8003100000000000e-002	 -6.6554300000000000e-001	  8.5005499999999998e-002	  7.3994800000000005e-001	
 -9.6999999999999993e+000	 -6.5719999999999999e+001	 -1.0213400000000000e+003	 -5.2703300000000002e-002	 -6.9684400000000002e-001	  7.5904799999999994e-002	  7.1124500000000002e-001	
 -1.0970000000000001e+001	 -6.2729999999999997e+001	 -1.0349600000000000e+003	 -6.5503900000000004e-002	 -7.2684300000000002e-001	  6.9404099999999996e-002	  6.8014100000000000e-001	
 -1.0210000000000001e+001	 -5.7840000000000003e+001	 -1.0580599999999999e+003	 -7.4404899999999996e-002	 -7.7455099999999999e-001	  4.5902999999999999e-002	  6.2644100000000003e-001	
 -8.8000000000000007e+000	 -5.5979999999999997e+001	 -1.0678099999999999e+003	 -8.4008200000000005e-002	 -7.9307700000000003e-001	  4.3104200000000002e-002	  6.0175900000000004e-001	
 -7.7800000000000002e+000	 -5.7810000000000002e+001	 -1.0738599999999999e+003	 -8.1007599999999999e-002	 -8.0477500000000002e-001	  4.5604300000000000e-002	  5.8625499999999997e-001	
 -7.1799999999999997e+000	 -6.1590000000000003e+001	 -1.0770999999999999e+003	 -7.6007199999999997e-002	 -8.1187699999999996e-001	  5.5905299999999998e-002	  5.7615400000000005e-001	
 -6.0700000000000003e+000	 -7.0480000000000004e+001	 -1.0810599999999999e+003	 -6.4304899999999998e-002	 -8.1986199999999998e-001	  8.1006099999999998e-002	  5.6314200000000003e-001	
 -5.2800000000000002e+000	 -7.3390000000000001e+001	 -1.0834000000000001e+003	 -6.3005699999999998e-002	 -8.2437400000000005e-001	  9.0808200000000006e-002	  5.5515000000000003e-001	
 -4.7199999999999998e+000	 -7.5609999999999999e+001	 -1.0846600000000001e+003	 -6.0405500000000001e-002	 -8.2677500000000004e-001	  9.7308800000000001e-002	  5.5074999999999996e-001	
 -4.8399999999999999e+000	 -7.7180000000000007e+001	 -1.0838199999999999e+003	 -5.7002900000000002e-002	 -8.2564099999999996e-001	  1.0110500000000000e-001	  5.5212799999999995e-001	
 -6.9500000000000002e+000	 -8.0219999999999999e+001	 -1.0740300000000000e+003	 -3.9102800000000000e-002	 -8.0815700000000001e-001	  1.0260700000000000e-001	  5.7864099999999996e-001	
 -8.2699999999999996e+000	 -8.3230000000000004e+001	 -1.0646300000000001e+003	 -1.8802200000000002e-002	 -7.9169100000000003e-001	  1.0071200000000000e-001	  6.0226900000000005e-001	
 -9.0299999999999994e+000	 -8.6329999999999998e+001	 -1.0540699999999999e+003	 -1.1000800000000000e-003	 -7.7105900000000005e-001	  1.0070800000000001e-001	  6.2874799999999997e-001	
 -8.9900000000000002e+000	 -8.9549999999999997e+001	 -1.0425100000000000e+003	  1.6800900000000001e-002	 -7.4704099999999996e-001	  1.0040600000000000e-001	  6.5693599999999996e-001	
 -6.5199999999999996e+000	 -9.3689999999999998e+001	 -1.0191600000000000e+003	  3.4803199999999999e-002	 -6.9426299999999996e-001	  1.0771000000000000e-001	  7.1076499999999998e-001	
 -4.1699999999999999e+000	 -9.4319999999999993e+001	 -1.0073700000000000e+003	  3.8303200000000003e-002	 -6.6685499999999998e-001	  1.1110900000000000e-001	  7.3586099999999999e-001	
 -9.4999999999999996e-001	 -9.3810000000000002e+001	 -9.9525999999999999e+002	  4.3802199999999999e-002	 -6.3633200000000001e-001	  1.0530500000000000e-001	  7.6293800000000001e-001	
  2.9500000000000002e+000	 -9.1439999999999998e+001	 -9.8315999999999997e+002	  4.2802600000000003e-002	 -6.0483699999999996e-001	  9.7906000000000007e-002	  7.8914799999999996e-001	
  1.2060000000000000e+001	 -8.2590000000000003e+001	 -9.6199000000000001e+002	  3.2201800000000003e-002	 -5.4473000000000005e-001	  6.7803699999999995e-002	  8.3524600000000004e-001	
  1.6680000000000000e+001	 -7.6150000000000006e+001	 -9.5358000000000004e+002	  2.1101800000000000e-002	 -5.1834499999999994e-001	  4.7804100000000002e-002	  8.5357400000000005e-001	
  2.1230000000000000e+001	 -6.8780000000000001e+001	 -9.4659000000000003e+002	  7.2003600000000003e-003	 -4.9512499999999998e-001	  2.4601200000000000e-002	  8.6844399999999999e-001	
  2.5520000000000000e+001	 -6.0219999999999999e+001	 -9.4111000000000001e+002	 -1.0600500000000001e-002	 -4.7552200000000000e-001	 -3.0001399999999998e-004	  8.7963999999999998e-001	
  3.2250000000000000e+001	 -3.9590000000000003e+001	 -9.3625999999999999e+002	 -6.2808199999999995e-002	 -4.5215899999999998e-001	 -4.8206300000000001e-002	  8.8841599999999998e-001	
  3.4299999999999997e+001	 -2.8050000000000001e+001	 -9.3732000000000005e+002	 -9.4908099999999995e-002	 -4.5013900000000001e-001	 -6.9505999999999998e-002	  8.8517599999999996e-001	
  3.5100000000000001e+001	 -1.7750000000000000e+001	 -9.4057000000000005e+002	 -1.2111600000000000e-001	 -4.5536100000000002e-001	 -9.3912499999999996e-002	  8.7701700000000005e-001	
  3.4390000000000001e+001	 -6.9100000000000001e+000	 -9.4701999999999998e+002	 -1.5221199999999999e-001	 -4.6923799999999999e-001	 -1.1000900000000000e-001	  8.6287000000000003e-001	
  3.0329999999999998e+001	  1.1650000000000000e+001	 -9.6673000000000002e+002	 -2.1192000000000000e-001	 -5.1424700000000001e-001	 -1.2771199999999999e-001	  8.2117600000000002e-001	
  2.7410000000000000e+001	  1.7739999999999998e+001	 -9.7847000000000003e+002	 -2.3372299999999999e-001	 -5.4115400000000002e-001	 -1.3111300000000001e-001	  7.9707899999999998e-001	
  2.3760000000000002e+001	  2.0710000000000001e+001	 -9.9029999999999995e+002	 -2.4171400000000001e-001	 -5.7253399999999999e-001	 -1.3880799999999999e-001	  7.7104600000000001e-001	
  2.0140000000000001e+001	  2.1920000000000002e+001	 -1.0023000000000000e+003	 -2.4712999999999999e-001	 -6.0367400000000004e-001	 -1.3961699999999999e-001	  7.4499099999999996e-001	
  1.6350000000000001e+001	  2.0750000000000000e+001	 -1.0135100000000000e+003	 -2.4423000000000000e-001	 -6.3357900000000000e-001	 -1.3821700000000001e-001	  7.2098899999999999e-001	
  8.5600000000000005e+000	  1.2539999999999999e+001	 -1.0343499999999999e+003	 -2.2591600000000001e-001	 -6.9125000000000003e-001	 -1.2040900000000000e-001	  6.7574900000000004e-001	
  5.3899999999999997e+000	  6.8899999999999997e+000	 -1.0442400000000000e+003	 -2.1751799999999999e-001	 -7.1625899999999998e-001	 -1.0340900000000000e-001	  6.5495400000000004e-001	
  2.5400000000000000e+000	 -1.3000000000000000e-001	 -1.0536700000000001e+003	 -2.1022700000000000e-001	 -7.3879600000000001e-001	 -8.0010399999999995e-002	  6.3528200000000001e-001	
 -3.9000000000000001e-001	 -9.1500000000000004e+000	 -1.0606800000000001e+003	 -1.9461000000000001e-001	 -7.5814000000000004e-001	 -5.6202900000000000e-002	  6.1983200000000005e-001	
 -6.0800000000000001e+000	 -3.3759999999999998e+001	 -1.0686900000000001e+003	 -1.4481100000000000e-001	 -7.8506100000000001e-001	  2.7002100000000002e-003	  6.0224699999999998e-001	
 -7.9800000000000004e+000	 -4.7299999999999997e+001	 -1.0696600000000001e+003	 -1.1500800000000000e-001	 -7.9255500000000001e-001	  3.3102300000000001e-002	  5.9794099999999994e-001	
 -8.8499999999999996e+000	 -6.0140000000000001e+001	 -1.0693900000000001e+003	 -9.0504799999999996e-002	 -7.9544199999999998e-001	  6.5603499999999995e-002	  5.9563200000000005e-001	
 -8.9900000000000002e+000	 -7.2689999999999998e+001	 -1.0671300000000001e+003	 -6.6806699999999997e-002	 -7.9307899999999998e-001	  9.8609799999999997e-002	  5.9736000000000000e-001	
 -7.1799999999999997e+000	 -9.5540000000000006e+001	 -1.0574900000000000e+003	 -1.9801599999999999e-002	 -7.7656400000000003e-001	  1.5851299999999999e-001	  6.0945000000000005e-001	
 -5.4800000000000004e+000	 -1.0473000000000000e+002	 -1.0512600000000000e+003	 -1.5000700000000000e-003	 -7.6393599999999995e-001	  1.8590899999999999e-001	  6.1792899999999995e-001	
 -3.4800000000000000e+000	 -1.1241000000000000e+002	 -1.0436400000000001e+003	  1.0400800000000000e-002	 -7.4845700000000004e-001	  2.1421599999999999e-001	  6.2754799999999999e-001	
 -9.6999999999999997e-001	 -1.1905000000000000e+002	 -1.0347300000000000e+003	  2.2402399999999999e-002	 -7.2927799999999998e-001	  2.4022600000000000e-001	  6.4026799999999995e-001	
  4.6799999999999997e+000	 -1.2737000000000000e+002	 -1.0155400000000000e+003	  4.6003700000000002e-002	 -6.8455500000000002e-001	  2.7322200000000002e-001	  6.7425400000000002e-001	
  7.0499999999999998e+000	 -1.2847000000000000e+002	 -1.0069299999999999e+003	  5.3306500000000000e-002	 -6.6348099999999999e-001	  2.7923399999999998e-001	  6.9208400000000003e-001	
  8.8100000000000005e+000	 -1.2769000000000000e+002	 -9.9937000000000000e+002	  5.7206399999999998e-002	 -6.4497199999999999e-001	  2.7893099999999998e-001	  7.0917900000000000e-001	
  1.0170000000000000e+001	 -1.2559000000000000e+002	 -9.9254999999999995e+002	  5.9505000000000002e-002	 -6.2735300000000005e-001	  2.7252300000000002e-001	  7.2706199999999999e-001	
  9.2799999999999994e+000	 -1.1516000000000000e+002	 -9.8425999999999999e+002	  4.3305000000000003e-002	 -6.0736999999999997e-001	  2.4612800000000001e-001	  7.5408699999999995e-001	
  6.7500000000000000e+000	 -1.0698999999999999e+002	 -9.8359000000000003e+002	  2.6102299999999998e-002	 -6.0585400000000000e-001	  2.2392000000000001e-001	  7.6296799999999998e-001	
  3.5499999999999998e+000	 -9.7319999999999993e+001	 -9.8498000000000002e+002	  5.2004800000000004e-003	 -6.0975599999999996e-001	  1.9671800000000000e-001	  7.6777099999999998e-001	
  2.6000000000000001e-001	 -8.6400000000000006e+001	 -9.8801999999999998e+002	 -2.4402199999999999e-002	 -6.1715600000000004e-001	  1.7401600000000000e-001	  7.6696900000000001e-001	
 -3.3500000000000001e+000	 -6.6650000000000006e+001	 -9.9339999999999998e+002	 -5.4203599999999998e-002	 -6.2954200000000005e-001	  1.0110700000000000e-001	  7.6845100000000000e-001	
 -4.0099999999999998e+000	 -5.7329999999999998e+001	 -9.9575000000000000e+002	 -7.1205000000000004e-002	 -6.3334400000000002e-001	  7.1605000000000002e-002	  7.6725299999999996e-001	
 -3.7900000000000000e+000	 -4.9189999999999998e+001	 -9.9683000000000004e+002	 -8.2605899999999996e-002	 -6.3504600000000000e-001	  4.0902899999999999e-002	  7.6695500000000005e-001	
 -3.0099999999999998e+000	 -4.0079999999999998e+001	 -9.9803999999999996e+002	 -9.8410399999999995e-002	 -6.3576699999999997e-001	  1.2401300000000001e-002	  7.6548099999999997e-001	
  4.1999999999999998e-001	 -2.0660000000000000e+001	 -1.0011200000000000e+003	 -1.3601099999999999e-001	 -6.3695199999999996e-001	 -4.5203699999999999e-002	  7.5746199999999997e-001	
  2.8599999999999999e+000	 -1.1320000000000000e+001	 -1.0034200000000000e+003	 -1.5300600000000000e-001	 -6.3792499999999996e-001	 -7.4802900000000005e-002	  7.5102899999999995e-001	
  5.6600000000000001e+000	 -2.7700000000000000e+000	 -1.0055900000000000e+003	 -1.6531199999999999e-001	 -6.4114499999999996e-001	 -1.0750800000000001e-001	  7.4165199999999998e-001	
  9.2200000000000006e+000	  6.9299999999999997e+000	 -1.0096799999999999e+003	 -1.9241800000000001e-001	 -6.4346000000000003e-001	 -1.2681200000000001e-001	  7.2996799999999995e-001	
  1.3310000000000000e+001	  1.6469999999999999e+001	 -1.0151500000000000e+003	 -2.0932400000000001e-001	 -6.5167600000000003e-001	 -1.6081899999999999e-001	  7.1108300000000002e-001	
  1.3500000000000000e+001	  1.7770000000000000e+001	 -1.0183200000000001e+003	 -2.1942600000000001e-001	 -6.5567699999999995e-001	 -1.5521799999999999e-001	  7.0558299999999996e-001	
  1.0800000000000001e+001	  1.3529999999999999e+001	 -1.0195400000000000e+003	 -2.0690800000000001e-001	 -6.6292600000000002e-001	 -1.4710599999999999e-001	  7.0432799999999995e-001	
  6.2100000000000000e+000	  4.9299999999999997e+000	 -1.0198800000000000e+003	 -1.8462400000000001e-001	 -6.7068499999999998e-001	 -1.2751599999999999e-001	  7.0699000000000001e-001	
 -3.5499999999999998e+000	 -2.0579999999999998e+001	 -1.0195900000000000e+003	 -1.2760700000000000e-001	 -6.8383700000000003e-001	 -6.2803399999999995e-002	  7.1563900000000003e-001	
 -6.9199999999999999e+000	 -3.4630000000000003e+001	 -1.0197900000000000e+003	 -9.8008799999999993e-002	 -6.8966200000000000e-001	 -2.6902400000000000e-002	  7.1696400000000005e-001	
 -8.9600000000000009e+000	 -4.9619999999999997e+001	 -1.0193600000000000e+003	 -6.4405000000000004e-002	 -6.9275399999999998e-001	  7.3005700000000001e-003	  7.1825600000000001e-001	
 -9.5099999999999998e+000	 -6.3960000000000001e+001	 -1.0188900000000000e+003	 -2.9604100000000001e-002	 -6.9379599999999997e-001	  3.7205200000000001e-002	  7.1860000000000002e-001	
 -7.6200000000000001e+000	 -8.8769999999999996e+001	 -1.0200000000000000e+003	  1.6801400000000001e-002	 -6.9695700000000005e-001	  1.0450900000000000e-001	  7.0925800000000006e-001	
 -5.3099999999999996e+000	 -1.0041000000000000e+002	 -1.0203600000000000e+003	  4.1403500000000003e-002	 -6.9685900000000001e-001	  1.3401099999999999e-001	  7.0335899999999996e-001	
 -1.3200000000000001e+000	 -1.1276000000000001e+002	 -1.0184400000000001e+003	  7.4101500000000001e-002	 -6.9011400000000001e-001	  1.5990299999999999e-001	  7.0191400000000004e-001	
  7.9400000000000004e+000	 -1.3253000000000000e+002	 -1.0127300000000000e+003	  1.2391400000000000e-001	 -6.6917300000000002e-001	  2.0692300000000000e-001	  7.0287699999999997e-001	
  1.2130000000000001e+001	 -1.3900999999999999e+002	 -1.0094700000000000e+003	  1.4170800000000000e-001	 -6.5803500000000004e-001	  2.2291200000000000e-001	  7.0513800000000004e-001	
  1.5250000000000000e+001	 -1.4309999999999999e+002	 -1.0065400000000000e+003	  1.5400400000000000e-001	 -6.4871800000000002e-001	  2.3240700000000000e-001	  7.0811999999999997e-001	
  1.6550000000000001e+001	 -1.4441000000000000e+002	 -1.0047500000000000e+003	  1.5672200000000000e-001	 -6.4358899999999997e-001	  2.3813300000000001e-001	  7.1029799999999998e-001	
  1.5500000000000000e+001	 -1.4163000000000000e+002	 -1.0026000000000000e+003	  1.4830800000000000e-001	 -6.4043300000000003e-001	  2.3421200000000000e-001	  7.1623700000000001e-001	
  1.4029999999999999e+001	 -1.3850000000000000e+002	 -1.0015800000000000e+003	  1.4041799999999999e-001	 -6.3878000000000001e-001	  2.2672800000000001e-001	  7.2169000000000005e-001	
  1.2330000000000000e+001	 -1.3449000000000001e+002	 -9.9998000000000002e+002	  1.3261100000000001e-001	 -6.3625500000000001e-001	  2.1461900000000000e-001	  7.2906300000000002e-001	
  1.0220000000000001e+001	 -1.2903999999999999e+002	 -9.9798000000000002e+002	  1.2080800000000000e-001	 -6.3314300000000001e-001	  1.9991400000000001e-001	  7.3794999999999999e-001	
  6.7699999999999996e+000	 -1.1444000000000000e+002	 -9.9000999999999999e+002	  9.1410199999999997e-002	 -6.1866900000000002e-001	  1.6071800000000000e-001	  7.6358499999999996e-001	
  5.8200000000000003e+000	 -1.0579000000000001e+002	 -9.8510000000000002e+002	  7.2509000000000004e-002	 -6.0707599999999995e-001	  1.3971700000000001e-001	  7.7889699999999995e-001	
  6.1900000000000004e+000	 -9.7280000000000001e+001	 -9.7877999999999997e+002	  5.2602700000000002e-002	 -5.9162999999999999e-001	  1.2230600000000000e-001	  7.9513999999999996e-001	
  8.2699999999999996e+000	 -8.9579999999999998e+001	 -9.7107000000000005e+002	  3.5903200000000003e-002	 -5.7175200000000004e-001	  1.0510899999999999e-001	  8.1287299999999996e-001	
  1.7350000000000001e+001	 -7.8200000000000003e+001	 -9.5292999999999995e+002	  1.7001599999999999e-002	 -5.1664800000000000e-001	  7.2206699999999999e-002	  8.5297900000000004e-001	
  2.3670000000000002e+001	 -7.4590000000000003e+001	 -9.4388999999999999e+002	  1.2800799999999999e-002	 -4.8642900000000000e-001	  5.8703499999999999e-002	  8.7165199999999998e-001	
  3.0140000000000001e+001	 -7.1829999999999998e+001	 -9.3603999999999996e+002	  8.8003200000000004e-003	 -4.5761700000000000e-001	  4.9401800000000003e-002	  8.8773199999999997e-001	
  3.5979999999999997e+001	 -7.0040000000000006e+001	 -9.2988000000000000e+002	  7.9006300000000005e-003	 -4.3303500000000000e-001	  3.9603199999999998e-002	  9.0047200000000005e-001	
  4.0640000000000001e+001	 -6.7420000000000002e+001	 -9.2536000000000001e+002	  3.9001499999999998e-003	 -4.1421599999999997e-001	  2.8101100000000000e-002	  9.0973599999999999e-001	
  3.7869999999999997e+001	 -6.5209999999999994e+001	 -9.2788999999999999e+002	 -2.6003100000000002e-003	 -4.2465100000000000e-001	  2.5003000000000001e-002	  9.0500800000000003e-001	
  3.1980000000000000e+001	 -6.1930000000000000e+001	 -9.3387000000000000e+002	 -1.2301299999999999e-002	 -4.4764799999999999e-001	  2.0302199999999999e-002	  8.9389500000000000e-001	
  2.4680000000000000e+001	 -5.8020000000000003e+001	 -9.4226999999999998e+002	 -2.2401500000000001e-002	 -4.7903099999999998e-001	  9.8006399999999994e-003	  8.7745700000000004e-001	
  1.0340000000000000e+001	 -4.6670000000000002e+001	 -9.6452999999999997e+002	 -5.2405199999999999e-002	 -5.4935500000000004e-001	 -1.6401599999999999e-002	  8.3378300000000005e-001	
  4.9100000000000001e+000	 -4.0009999999999998e+001	 -9.7692999999999995e+002	 -6.7301799999999995e-002	 -5.8411599999999997e-001	 -3.4900899999999999e-002	  8.0812200000000001e-001	
  1.1200000000000001e+000	 -3.1210000000000001e+001	 -9.9037000000000000e+002	 -9.4104099999999996e-002	 -6.1702699999999999e-001	 -4.6101999999999997e-002	  7.7993400000000002e-001	
 -6.4000000000000001e-001	 -2.2000000000000000e+001	 -1.0035200000000000e+003	 -1.2081200000000000e-001	 -6.4586500000000002e-001	 -6.0806100000000002e-002	  7.5137600000000004e-001	
  8.3999999999999997e-001	 -5.0300000000000002e+000	 -1.0266800000000001e+003	 -1.7981500000000000e-001	 -6.8755900000000003e-001	 -7.9906800000000000e-002	  6.9896000000000003e-001	
  2.4100000000000001e+000	  2.3999999999999999e-001	 -1.0350999999999999e+003	 -2.0541400000000001e-001	 -6.9964800000000005e-001	 -7.9005400000000003e-002	  6.7974699999999999e-001	
  3.3399999999999999e+000	  2.6400000000000001e+000	 -1.0399800000000000e+003	 -2.2712800000000000e-001	 -7.0398600000000000e-001	 -6.7908300000000005e-002	  6.6948200000000002e-001	
  2.8100000000000001e+000	  1.4700000000000000e+000	 -1.0401300000000001e+003	 -2.3032000000000000e-001	 -7.0345999999999997e-001	 -5.8205000000000000e-002	  6.6985700000000004e-001	
  5.0000000000000000e-001	 -4.2300000000000004e+000	 -1.0361500000000001e+003	 -2.3721500000000001e-001	 -6.9154499999999997e-001	 -1.7601100000000001e-002	  6.8204399999999998e-001	
 -1.5300000000000000e+000	 -1.0029999999999999e+001	 -1.0325699999999999e+003	 -2.3171000000000000e-001	 -6.8513100000000005e-001	  8.5003900000000000e-003	  6.9053100000000001e-001	
 -3.8999999999999999e+000	 -1.8140000000000001e+001	 -1.0285100000000000e+003	 -2.2281300000000001e-001	 -6.7833900000000003e-001	  4.2802500000000000e-002	  6.9884100000000005e-001	
 -6.0800000000000001e+000	 -2.8390000000000001e+001	 -1.0232300000000000e+003	 -2.0622799999999999e-001	 -6.7159199999999997e-001	  7.9410900000000006e-002	  7.0719699999999996e-001	
 -7.5300000000000002e+000	 -5.2420000000000002e+001	 -1.0099700000000000e+003	 -1.6101399999999999e-001	 -6.5195800000000004e-001	  1.5871399999999999e-001	  7.2376399999999996e-001	
 -5.8300000000000001e+000	 -6.5040000000000006e+001	 -1.0011300000000000e+003	 -1.3050600000000001e-001	 -6.3653099999999996e-001	  1.9520899999999999e-001	  7.3463599999999996e-001	
 -2.3100000000000001e+000	 -7.7180000000000007e+001	 -9.9149000000000001e+002	 -1.0331200000000000e-001	 -6.1687300000000000e-001	  2.3542800000000000e-001	  7.4388799999999999e-001	
  2.5000000000000000e+000	 -8.8040000000000006e+001	 -9.8234000000000003e+002	 -7.3705499999999993e-002	 -5.9624500000000002e-001	  2.6741999999999999e-001	  7.5335700000000005e-001	
  1.2680000000000000e+001	 -1.0356000000000000e+002	 -9.6838999999999999e+002	 -2.8202499999999998e-002	 -5.6145000000000000e-001	  3.1602799999999998e-001	  7.6426799999999995e-001	
  1.7510000000000002e+001	 -1.0898000000000000e+002	 -9.6309000000000003e+002	 -1.0501300000000000e-002	 -5.4626900000000000e-001	  3.3254200000000000e-001	  7.6869699999999996e-001	
  2.1760000000000002e+001	 -1.1294000000000000e+002	 -9.5880999999999995e+002	  3.9001499999999998e-003	 -5.3262100000000001e-001	  3.4411399999999998e-001	  7.7323100000000000e-001	
  2.5359999999999999e+001	 -1.1581000000000000e+002	 -9.5532000000000005e+002	  2.1701200000000000e-002	 -5.2192799999999995e-001	  3.4081800000000001e-001	  7.8164199999999995e-001	
  2.5050000000000001e+001	 -1.1567000000000000e+002	 -9.5566999999999996e+002	  3.0202699999999999e-002	 -5.2314700000000003e-001	  3.2302900000000001e-001	  7.8807099999999997e-001	
  2.2030000000000001e+001	 -1.1353000000000000e+002	 -9.5880999999999995e+002	  2.6401299999999999e-002	 -5.3342699999999998e-001	  3.0721599999999999e-001	  7.8764000000000001e-001	
  1.8609999999999999e+001	 -1.1081999999999999e+002	 -9.6269000000000005e+002	  2.2300700000000000e-002	 -5.4581700000000000e-001	  2.8830899999999998e-001	  7.8642500000000004e-001	
  1.5250000000000000e+001	 -1.0764000000000000e+002	 -9.6663000000000000e+002	  2.0502300000000001e-002	 -5.5856099999999997e-001	  2.6332899999999998e-001	  7.8628699999999996e-001	
  8.4600000000000009e+000	 -9.9439999999999998e+001	 -9.7505999999999995e+002	  5.4003599999999999e-003	 -5.8183900000000000e-001	  2.2181500000000001e-001	  7.8245299999999995e-001	
  5.4299999999999997e+000	 -9.4299999999999997e+001	 -9.7896000000000004e+002	 -6.6007000000000001e-003	 -5.9236299999999997e-001	  2.0402200000000001e-001	  7.7938300000000005e-001	
  2.6699999999999999e+000	 -8.8060000000000002e+001	 -9.8257000000000005e+002	 -2.2901299999999999e-002	 -6.0223400000000005e-001	  1.8711100000000000e-001	  7.7574399999999999e-001	
  8.5999999999999999e-001	 -8.1810000000000002e+001	 -9.8471000000000004e+002	 -2.9202900000000000e-002	 -6.0906099999999996e-001	  1.5701599999999999e-001	  7.7687700000000004e-001	
 -2.5000000000000000e-001	 -7.5560000000000002e+001	 -9.8592999999999995e+002	 -3.1003099999999999e-002	 -6.1226100000000006e-001	  1.2131200000000000e-001	  7.8067799999999998e-001	
 -3.5999999999999999e-001	 -6.3680000000000000e+001	 -9.8491999999999996e+002	 -2.2101099999999999e-002	 -6.0993200000000003e-001	  3.5701799999999999e-002	  7.9134099999999996e-001	
  3.3000000000000002e-001	 -5.6399999999999999e+001	 -9.8353999999999996e+002	 -2.6903000000000000e-002	 -6.0576600000000003e-001	 -7.0007700000000001e-004	  7.9518699999999998e-001	
  2.1499999999999999e+000	 -4.9930000000000000e+001	 -9.8022000000000003e+002	 -2.4100600000000000e-002	 -5.9731400000000001e-001	 -4.6101099999999999e-002	  8.0031900000000000e-001	
  4.8600000000000003e+000	 -4.1850000000000001e+001	 -9.7638000000000000e+002	 -2.9002300000000002e-002	 -5.8584599999999998e-001	 -9.0207099999999998e-002	  8.0486400000000002e-001	
  1.2869999999999999e+001	 -2.3520000000000000e+001	 -9.6867999999999995e+002	 -5.3005700000000003e-002	 -5.6106100000000003e-001	 -1.7471900000000001e-001	  8.0738699999999997e-001	
  1.7660000000000000e+001	 -1.6800000000000001e+001	 -9.6420000000000005e+002	 -5.9107300000000002e-002	 -5.4676800000000003e-001	 -2.1592700000000001e-001	  8.0679999999999996e-001	
  2.2699999999999999e+001	 -1.0460000000000001e+001	 -9.6012000000000000e+002	 -6.7603999999999997e-002	 -5.3313200000000005e-001	 -2.5151499999999999e-001	  8.0494800000000000e-001	
  2.7559999999999999e+001	 -4.0199999999999996e+000	 -9.5742999999999995e+002	 -8.3405300000000002e-002	 -5.2183299999999999e-001	 -2.7451799999999998e-001	  8.0335100000000004e-001	
  3.3890000000000001e+001	  2.8199999999999998e+000	 -9.5395000000000005e+002	 -9.3801800000000005e-002	 -5.0810999999999995e-001	 -3.1550600000000001e-001	  7.9591500000000004e-001	
  3.4439999999999998e+001	  4.0700000000000003e+000	 -9.5422000000000003e+002	 -9.4107899999999994e-002	 -5.0844299999999998e-001	 -3.2492700000000002e-001	  7.9186599999999996e-001	
  3.3219999999999999e+001	  3.5899999999999999e+000	 -9.5545000000000005e+002	 -8.9807300000000007e-002	 -5.1324199999999998e-001	 -3.2662600000000003e-001	  7.8856400000000004e-001	
  3.0210000000000001e+001	  1.3400000000000001e+000	 -9.5767999999999995e+002	 -7.9205999999999999e-002	 -5.2234000000000003e-001	 -3.2482499999999997e-001	  7.8445900000000002e-001	
  2.0300000000000001e+001	 -7.3099999999999996e+000	 -9.6611000000000001e+002	 -4.7705499999999998e-002	 -5.5226299999999995e-001	 -3.0223499999999998e-001	  7.7548899999999998e-001	
  1.4420000000000000e+001	 -1.3640000000000001e+001	 -9.7190999999999997e+002	 -2.8802600000000001e-002	 -5.7045199999999996e-001	 -2.8252600000000000e-001	  7.7067099999999999e-001	
  8.8100000000000005e+000	 -2.0350000000000001e+001	 -9.7853999999999996e+002	 -1.4401100000000000e-002	 -5.8944600000000003e-001	 -2.5352000000000002e-001	  7.6685999999999999e-001	
  3.7900000000000000e+000	 -2.7890000000000001e+001	 -9.8525999999999999e+002	  1.0001100000000000e-004	 -6.0876399999999997e-001	 -2.2192300000000001e-001	  7.6168000000000002e-001	
 -4.2300000000000004e+000	 -4.4219999999999999e+001	 -9.9985000000000002e+002	  3.1801799999999998e-002	 -6.4643700000000004e-001	 -1.5990900000000000e-001	  7.4534299999999998e-001	
 -6.8799999999999999e+000	 -5.1210000000000001e+001	 -1.0074400000000001e+003	  3.6404300000000001e-002	 -6.6487799999999997e-001	 -1.2221400000000000e-001	  7.3598600000000003e-001	
 -8.6699999999999999e+000	 -5.9979999999999997e+001	 -1.0140100000000000e+003	  4.9703799999999999e-002	 -6.7965200000000003e-001	 -8.9506799999999997e-002	  7.2635499999999997e-001	
 -9.7100000000000009e+000	 -6.6879999999999995e+001	 -1.0205000000000000e+003	  5.1103500000000003e-002	 -6.9454800000000005e-001	 -5.1903600000000001e-002	  7.1575000000000000e-001	
 -8.9800000000000004e+000	 -8.4810000000000002e+001	 -1.0261800000000001e+003	  6.8208199999999997e-002	 -7.0708499999999996e-001	  1.8602199999999999e-002	  7.0358500000000002e-001	
 -7.6299999999999999e+000	 -9.3450000000000003e+001	 -1.0270300000000000e+003	  7.5305700000000003e-002	 -7.0865299999999998e-001	  5.3904100000000003e-002	  6.9945299999999999e-001	
 -5.5999999999999996e+000	 -1.0234000000000000e+002	 -1.0270599999999999e+003	  9.0103400000000000e-002	 -7.0692699999999997e-001	  8.1903100000000006e-002	  6.9672599999999996e-001	
 -3.3700000000000001e+000	 -1.1012000000000000e+002	 -1.0267700000000000e+003	  9.9610799999999999e-002	 -7.0537600000000000e-001	  1.1031199999999999e-001	  6.9307500000000000e-001	
  3.1000000000000000e-001	 -1.2034999999999999e+002	 -1.0265200000000000e+003	  1.0030600000000001e-001	 -7.0554200000000000e-001	  1.6381000000000001e-001	  6.8214100000000000e-001	
  1.8000000000000000e+000	 -1.2347000000000000e+002	 -1.0245999999999999e+003	  9.9008899999999997e-002	 -7.0146299999999995e-001	  1.8261600000000000e-001	  6.8176099999999995e-001	
  2.8700000000000001e+000	 -1.2509999999999999e+002	 -1.0217200000000000e+003	  9.2804800000000007e-002	 -6.9543600000000005e-001	  2.0030999999999999e-001	  6.8383600000000000e-001	
  4.0800000000000001e+000	 -1.2626000000000001e+002	 -1.0174600000000000e+003	  9.0606599999999995e-002	 -6.8545000000000000e-001	  2.1201500000000001e-001	  6.9064999999999999e-001	
  5.9800000000000004e+000	 -1.2548000000000000e+002	 -1.0069000000000000e+003	  7.6006199999999996e-002	 -6.6165399999999996e-001	  2.3501900000000001e-001	  7.0795699999999995e-001	
  6.9299999999999997e+000	 -1.2388000000000000e+002	 -1.0009200000000000e+003	  7.0802799999999999e-002	 -6.4762600000000003e-001	  2.3871000000000001e-001	  7.2012900000000002e-001	
  8.1500000000000004e+000	 -1.2173999999999999e+002	 -9.9424000000000001e+002	  6.4805000000000001e-002	 -6.3144900000000004e-001	  2.4161900000000000e-001	  7.3395699999999997e-001	
  9.9600000000000009e+000	 -1.1936000000000000e+002	 -9.8676999999999998e+002	  6.1705299999999998e-002	 -6.1265300000000000e-001	  2.4042100000000000e-001	  7.5036499999999995e-001	
  1.4490000000000000e+001	 -1.1356000000000000e+002	 -9.7199000000000001e+002	  5.1404100000000001e-002	 -5.7314600000000004e-001	  2.3891899999999999e-001	  7.8216300000000005e-001	
  1.6809999999999999e+001	 -1.1012000000000000e+002	 -9.6550999999999999e+002	  4.4803700000000002e-002	 -5.5464599999999997e-001	  2.3732000000000000e-001	  7.9626600000000003e-001	
  1.8809999999999999e+001	 -1.0634999999999999e+002	 -9.6005999999999995e+002	  3.7401999999999998e-002	 -5.3832899999999995e-001	  2.3361299999999999e-001	  8.0884400000000001e-001	
  2.0699999999999999e+001	 -1.0231999999999999e+002	 -9.5523000000000002e+002	  2.9503000000000001e-002	 -5.2355300000000005e-001	  2.2802300000000000e-001	  8.2038299999999997e-001	
  2.3559999999999999e+001	 -9.3200000000000003e+001	 -9.4789999999999998e+002	  9.1005500000000007e-003	 -4.9892999999999998e-001	  2.1441299999999999e-001	  8.3965100000000004e-001	
  2.4000000000000000e+001	 -8.7700000000000003e+001	 -9.4577999999999997e+002	 -6.9007399999999998e-003	 -4.9125200000000002e-001	  2.1082200000000001e-001	  8.4509000000000001e-001	
  2.3930000000000000e+001	 -8.1569999999999993e+001	 -9.4457000000000005e+002	 -2.5202100000000002e-002	 -4.8584100000000002e-001	  2.0591699999999999e-001	  8.4907100000000002e-001	
  2.3590000000000000e+001	 -7.4870000000000005e+001	 -9.4400000000000000e+002	 -4.3405600000000003e-002	 -4.8196200000000000e-001	  1.9632500000000000e-001	  8.5280999999999996e-001	
  2.1620000000000001e+001	 -5.9619999999999997e+001	 -9.4598000000000002e+002	 -8.2003300000000001e-002	 -4.8201899999999998e-001	  1.6360700000000000e-001	  8.5683500000000001e-001	
  2.0180000000000000e+001	 -5.1950000000000003e+001	 -9.4855999999999995e+002	 -1.0150800000000000e-001	 -4.8713800000000002e-001	  1.4401100000000000e-001	  8.5536699999999999e-001	
  1.8530000000000001e+001	 -4.4420000000000002e+001	 -9.5207000000000005e+002	 -1.2240900000000000e-001	 -4.9403700000000000e-001	  1.2630900000000000e-001	  8.5146299999999997e-001	
  1.4940000000000000e+001	 -3.0620000000000001e+001	 -9.6174000000000001e+002	 -1.5881000000000001e-001	 -5.1623399999999997e-001	  8.7305700000000000e-002	  8.3705399999999996e-001	
  1.3109999999999999e+001	 -2.4230000000000000e+001	 -9.6785000000000002e+002	 -1.7530799999999999e-001	 -5.3032400000000002e-001	  6.7303000000000002e-002	  8.2673700000000006e-001	
  1.1250000000000000e+001	 -1.8059999999999999e+001	 -9.7507000000000005e+002	 -1.9361100000000001e-001	 -5.4663200000000001e-001	  5.1603000000000003e-002	  8.1304699999999996e-001	
  9.3000000000000007e+000	 -1.3070000000000000e+001	 -9.8305999999999995e+002	 -2.0682800000000001e-001	 -5.6557800000000003e-001	  3.4104700000000002e-002	  7.9760900000000001e-001	
  5.7699999999999996e+000	 -5.6600000000000001e+000	 -1.0007000000000000e+003	 -2.3602999999999999e-001	 -6.0347799999999996e-001	  1.9402500000000000e-002	  7.6139800000000002e-001	
  4.3700000000000001e+000	 -3.7000000000000002e+000	 -1.0090100000000000e+003	 -2.4541600000000000e-001	 -6.2174200000000002e-001	  1.3900900000000001e-002	  7.4365000000000003e-001	
  3.2300000000000000e+000	 -2.6800000000000002e+000	 -1.0166000000000000e+003	 -2.4901499999999999e-001	 -6.4004000000000005e-001	  6.1003799999999999e-003	  7.2684499999999996e-001	
  2.4300000000000002e+000	 -1.7600000000000000e+000	 -1.0246500000000001e+003	 -2.5562299999999999e-001	 -6.5695899999999996e-001	  2.8002499999999998e-003	  7.0926299999999998e-001	
  7.6000000000000001e-001	 -3.2599999999999998e+000	 -1.0387900000000000e+003	 -2.5402599999999997e-001	 -6.9087100000000001e-001	 -4.0004100000000003e-003	  6.7686900000000005e-001	
 -4.0999999999999998e-001	 -6.1699999999999999e+000	 -1.0439000000000001e+003	 -2.4283500000000000e-001	 -7.0670299999999997e-001	 -6.8009899999999998e-003	  6.6449700000000000e-001	
 -1.5100000000000000e+000	 -9.5399999999999991e+000	 -1.0493299999999999e+003	 -2.3612200000000000e-001	 -7.2126900000000005e-001	 -2.4002300000000002e-003	  6.5116200000000002e-001	
 -2.7400000000000002e+000	 -1.4010000000000000e+001	 -1.0544100000000001e+003	 -2.2540800000000000e-001	 -7.3532500000000001e-001	  3.5001199999999998e-003	  6.3912199999999997e-001	
 -4.2300000000000004e+000	 -2.2730000000000000e+001	 -1.0642200000000000e+003	 -2.0782000000000000e-001	 -7.6167200000000002e-001	  1.8301700000000001e-002	  6.1345799999999995e-001	
 -4.9500000000000002e+000	 -2.7969999999999999e+001	 -1.0678000000000000e+003	 -1.9131799999999999e-001	 -7.7337400000000001e-001	  2.2902200000000001e-002	  6.0395799999999999e-001	
 -5.2300000000000004e+000	 -3.2560000000000002e+001	 -1.0717700000000000e+003	 -1.8441099999999999e-001	 -7.8304799999999997e-001	  3.3702099999999999e-002	  5.9303600000000001e-001	
 -5.5999999999999996e+000	 -3.7729999999999997e+001	 -1.0746199999999999e+003	 -1.6921400000000000e-001	 -7.9236600000000001e-001	  3.9903300000000003e-002	  5.8474899999999996e-001	
 -5.8700000000000001e+000	 -4.7280000000000001e+001	 -1.0794500000000000e+003	 -1.4381200000000000e-001	 -8.0716699999999997e-001	  5.4404500000000001e-002	  5.6994699999999998e-001	
 -6.0999999999999996e+000	 -5.3189999999999998e+001	 -1.0805000000000000e+003	 -1.1951100000000001e-001	 -8.1287699999999996e-001	  5.7305500000000002e-002	  5.6715400000000005e-001	
 -5.9900000000000002e+000	 -5.8159999999999997e+001	 -1.0819600000000000e+003	 -1.0671100000000000e-001	 -8.1788400000000006e-001	  6.5806799999999999e-002	  5.6155800000000000e-001	
 -6.0499999999999998e+000	 -6.3810000000000002e+001	 -1.0819300000000001e+003	 -9.0305800000000006e-002	 -8.1955299999999998e-001	  7.5104799999999999e-002	  5.6083600000000000e-001	
 -6.5499999999999998e+000	 -7.6489999999999995e+001	 -1.0778199999999999e+003	 -5.4002399999999999e-002	 -8.1513599999999997e-001	  9.8204299999999994e-002	  5.6832499999999997e-001	
 -6.7500000000000000e+000	 -8.3579999999999998e+001	 -1.0735699999999999e+003	 -3.0802800000000002e-002	 -8.0857199999999996e-001	  1.0921000000000000e-001	  5.7735199999999998e-001	
 -6.6900000000000004e+000	 -9.0030000000000001e+001	 -1.0686400000000001e+003	 -9.2010800000000004e-003	 -7.9939400000000005e-001	  1.1931400000000000e-001	  5.8876899999999999e-001	
 -6.5199999999999996e+000	 -9.5269999999999996e+001	 -1.0632300000000000e+003	  8.7007300000000003e-003	 -7.8886599999999996e-001	  1.2741100000000000e-001	  6.0114999999999996e-001	
 -5.6500000000000004e+000	 -1.0393000000000001e+002	 -1.0516300000000001e+003	  4.1901000000000001e-002	 -7.6441899999999996e-001	  1.3830300000000001e-001	  6.2831499999999996e-001	
 -4.9100000000000001e+000	 -1.0764000000000000e+002	 -1.0455300000000000e+003	  5.3703800000000003e-002	 -7.5175300000000000e-001	  1.4551000000000000e-001	  6.4094499999999999e-001	
 -3.6699999999999999e+000	 -1.1172000000000000e+002	 -1.0386300000000001e+003	  6.8004499999999996e-002	 -7.3634800000000000e-001	  1.5221000000000001e-001	  6.5574299999999996e-001	
 -2.2200000000000002e+000	 -1.1515000000000001e+002	 -1.0318399999999999e+003	  7.9904199999999995e-002	 -7.2083799999999998e-001	  1.5830800000000000e-001	  6.7003500000000005e-001	
  1.6000000000000001e+000	 -1.2098000000000000e+002	 -1.0175300000000000e+003	  1.0250600000000000e-001	 -6.8533900000000003e-001	  1.6710900000000001e-001	  7.0133999999999996e-001	
  3.8399999999999999e+000	 -1.2308000000000000e+002	 -1.0103200000000001e+003	  1.1410600000000000e-001	 -6.6643699999999995e-001	  1.6640900000000000e-001	  7.1773900000000002e-001	
  5.6399999999999997e+000	 -1.2370000000000000e+002	 -1.0040599999999999e+003	  1.1970500000000001e-001	 -6.5022400000000002e-001	  1.6480600000000001e-001	  7.3192800000000002e-001	
  7.0400000000000000e+000	 -1.2328000000000000e+002	 -9.9860000000000002e+002	  1.2631300000000001e-001	 -6.3526400000000005e-001	  1.5541600000000000e-001	  7.4587599999999998e-001	
  5.5700000000000003e+000	 -1.1634000000000000e+002	 -9.9453999999999996e+002	  1.1441400000000000e-001	 -6.2687499999999996e-001	  1.3311600000000001e-001	  7.5909000000000004e-001	
  3.4700000000000002e+000	 -1.1087000000000000e+002	 -9.9519000000000005e+002	  1.0210500000000000e-001	 -6.3003100000000001e-001	  1.1860600000000000e-001	  7.6063700000000001e-001	
  8.3999999999999997e-001	 -1.0425000000000000e+002	 -9.9717999999999995e+002	  8.6009600000000005e-002	 -6.3677099999999998e-001	  1.0301200000000001e-001	  7.5928499999999999e-001	
 -1.7400000000000000e+000	 -9.6939999999999998e+001	 -9.9969000000000005e+002	  6.9605299999999995e-002	 -6.4534899999999995e-001	  8.4006399999999995e-002	  7.5605699999999998e-001	
 -4.0800000000000001e+000	 -8.8769999999999996e+001	 -1.0024400000000001e+003	  5.0704199999999998e-002	 -6.5395499999999995e-001	  6.4605399999999993e-002	  7.5206300000000004e-001	
 -7.0400000000000000e+000	 -7.2540000000000006e+001	 -1.0070800000000000e+003	  1.7901199999999999e-002	 -6.6674599999999995e-001	  2.1801500000000001e-002	  7.4475100000000005e-001	
 -7.7000000000000002e+000	 -6.4510000000000005e+001	 -1.0089100000000000e+003	  2.6001200000000000e-003	 -6.7113100000000003e-001	 -2.0000899999999999e-004	  7.4133400000000005e-001	
 -7.9800000000000004e+000	 -5.5979999999999997e+001	 -1.0110599999999999e+003	 -1.8502200000000000e-002	 -6.7598100000000005e-001	 -1.7101999999999999e-002	  7.3648800000000003e-001	
 -7.7699999999999996e+000	 -4.8229999999999997e+001	 -1.0128800000000000e+003	 -3.5902200000000002e-002	 -6.7994200000000005e-001	 -3.5102200000000000e-002	  7.3154500000000000e-001	
 -6.0700000000000003e+000	 -3.2390000000000001e+001	 -1.0169200000000000e+003	 -7.3207700000000001e-002	 -6.8607300000000004e-001	 -6.9707400000000003e-002	  7.2047600000000001e-001	
 -4.5599999999999996e+000	 -2.4510000000000002e+001	 -1.0189600000000000e+003	 -9.2611600000000002e-002	 -6.8748600000000004e-001	 -8.6210800000000004e-002	  7.1509000000000000e-001	
 -2.7500000000000000e+000	 -1.7309999999999999e+001	 -1.0204200000000000e+003	 -1.0910800000000000e-001	 -6.8915099999999996e-001	 -1.0340800000000000e-001	  7.0885299999999996e-001	
  1.8500000000000001e+000	 -3.3799999999999999e+000	 -1.0237200000000000e+003	 -1.4141899999999999e-001	 -6.9019500000000000e-001	 -1.3661899999999999e-001	  6.9639600000000002e-001	
  4.0499999999999998e+000	  1.9700000000000000e+000	 -1.0246500000000001e+003	 -1.5341800000000000e-001	 -6.9028199999999995e-001	 -1.5051800000000001e-001	  6.9088200000000000e-001	
  5.9000000000000004e+000	  5.9400000000000004e+000	 -1.0251600000000001e+003	 -1.5971800000000000e-001	 -6.8977800000000000e-001	 -1.6441900000000001e-001	  6.8677699999999997e-001	
  7.7100000000000000e+000	  9.8300000000000001e+000	 -1.0265599999999999e+003	 -1.7141600000000001e-001	 -6.9036399999999998e-001	 -1.7131600000000000e-001	  6.8166300000000002e-001	
  9.0899999999999999e+000	  1.2740000000000000e+001	 -1.0286400000000001e+003	 -1.8151400000000001e-001	 -6.9225199999999998e-001	 -1.7471300000000001e-001	  6.7625100000000005e-001	
  9.4299999999999997e+000	  1.3869999999999999e+001	 -1.0320999999999999e+003	 -1.8771299999999999e-001	 -6.9864700000000002e-001	 -1.7351200000000000e-001	  6.6824499999999998e-001	
  8.0000000000000000e+000	  1.1380000000000001e+001	 -1.0329200000000001e+003	 -1.7910999999999999e-001	 -7.0223999999999998e-001	 -1.7000999999999999e-001	  6.6773800000000005e-001	
  5.3700000000000001e+000	  6.2199999999999998e+000	 -1.0323900000000001e+003	 -1.6161300000000001e-001	 -7.0595600000000003e-001	 -1.6331300000000001e-001	  6.6995300000000002e-001	
  2.0800000000000001e+000	 -1.0600000000000001e+000	 -1.0313199999999999e+003	 -1.3751200000000000e-001	 -7.0816000000000001e-001	 -1.5371299999999999e-001	  6.7525700000000000e-001	
 -3.6400000000000001e+000	 -1.7030000000000001e+001	 -1.0289800000000000e+003	 -9.1412499999999994e-002	 -7.1059700000000003e-001	 -1.2691700000000000e-001	  6.8599399999999999e-001	
 -5.9900000000000002e+000	 -2.5780000000000001e+001	 -1.0281900000000001e+003	 -6.6603200000000001e-002	 -7.1143400000000001e-001	 -1.1220500000000000e-001	  6.9053299999999995e-001	
 -7.9000000000000004e+000	 -3.4710000000000001e+001	 -1.0277300000000000e+003	 -4.4303299999999997e-002	 -7.1255299999999999e-001	 -9.4206999999999999e-002	  6.9385200000000002e-001	
 -9.3300000000000001e+000	 -4.4469999999999999e+001	 -1.0269400000000001e+003	 -2.0802200000000000e-002	 -7.1177699999999999e-001	 -7.4107999999999993e-002	  6.9817499999999999e-001	
 -1.0080000000000000e+001	 -6.5650000000000006e+001	 -1.0231700000000000e+003	  3.8002300000000003e-002	 -7.0244200000000001e-001	 -4.1002400000000001e-002	  7.0954200000000001e-001	
 -9.3100000000000005e+000	 -7.6079999999999998e+001	 -1.0208000000000000e+003	  6.3206499999999999e-002	 -6.9577199999999995e-001	 -2.0802100000000000e-002	  7.1517399999999998e-001	
 -7.8700000000000001e+000	 -8.5950000000000003e+001	 -1.0186100000000000e+003	  8.6105500000000001e-002	 -6.8814399999999998e-001	 -4.0002599999999999e-004	  7.2044600000000003e-001	
 -5.7400000000000002e+000	 -9.5890000000000001e+001	 -1.0162300000000000e+003	  1.1121000000000000e-001	 -6.7875900000000000e-001	  1.8201599999999998e-002	  7.2566299999999995e-001	
 -8.9999999999999997e-002	 -1.1184999999999999e+002	 -1.0093400000000000e+003	  1.4311499999999999e-001	 -6.5666800000000003e-001	  6.2006400000000003e-002	  7.3787599999999998e-001	
  3.3900000000000001e+000	 -1.1788000000000000e+002	 -1.0037500000000000e+003	  1.5391600000000000e-001	 -6.4146499999999995e-001	  8.1008200000000002e-002	  7.4717500000000003e-001	
  7.1200000000000001e+000	 -1.2244000000000000e+002	 -9.9726999999999998e+002	  1.6552200000000000e-001	 -6.2168199999999996e-001	  9.0611899999999995e-002	  7.6019999999999999e-001	
  1.0330000000000000e+001	 -1.2445999999999999e+002	 -9.9060000000000002e+002	  1.6721700000000000e-001	 -6.0346299999999997e-001	  1.0031000000000000e-001	  7.7318100000000001e-001	
  1.5910000000000000e+001	 -1.2348000000000000e+002	 -9.7692999999999995e+002	  1.6100999999999999e-001	 -5.6723500000000004e-001	  1.0620700000000000e-001	  8.0064999999999997e-001	
  1.8590000000000000e+001	 -1.2053000000000000e+002	 -9.6969000000000005e+002	  1.5200900000000001e-001	 -5.4933200000000004e-001	  1.0560600000000001e-001	  8.1484699999999999e-001	
  2.0879999999999999e+001	 -1.1642000000000000e+002	 -9.6288999999999999e+002	  1.3931600000000000e-001	 -5.3166100000000005e-001	  1.0261199999999999e-001	  8.2909500000000003e-001	
  2.3120000000000001e+001	 -1.1195000000000000e+002	 -9.5673000000000002e+002	  1.2570500000000001e-001	 -5.1512000000000002e-001	  9.8303699999999994e-002	  8.4213199999999999e-001	
  2.6500000000000000e+001	 -1.0189000000000000e+002	 -9.4732000000000005e+002	  9.8203200000000004e-002	 -4.8831599999999997e-001	  8.2102700000000001e-002	  8.6322800000000000e-001	
  2.7329999999999998e+001	 -9.5829999999999998e+001	 -9.4410000000000002e+002	  8.1605600000000000e-002	 -4.7963299999999998e-001	  7.1204900000000002e-002	  8.7075999999999998e-001	
  2.7550000000000001e+001	 -8.9060000000000002e+001	 -9.4186000000000001e+002	  6.4605899999999994e-002	 -4.7474400000000000e-001	  5.5705100000000000e-002	  8.7597999999999998e-001	
  2.7219999999999999e+001	 -8.0900000000000006e+001	 -9.4050000000000000e+002	  4.4002600000000003e-002	 -4.7212799999999999e-001	  3.7002199999999999e-002	  8.7965300000000002e-001	
  2.6100000000000001e+001	 -6.0820000000000000e+001	 -9.4042999999999995e+002	 -4.3001200000000002e-003	 -4.7291299999999997e-001	 -1.1400300000000000e-002	  8.8102499999999995e-001	
  2.6100000000000001e+001	 -5.1170000000000002e+001	 -9.4114999999999998e+002	 -2.6101200000000001e-002	 -4.7462300000000002e-001	 -3.8901900000000003e-002	  8.7894200000000000e-001	
  2.6300000000000001e+001	 -4.2079999999999998e+001	 -9.4246000000000004e+002	 -4.7204400000000001e-002	 -4.7744399999999998e-001	 -6.5006099999999997e-002	  8.7498200000000004e-001	
  2.6410000000000000e+001	 -3.4030000000000001e+001	 -9.4440999999999997e+002	 -6.4206899999999997e-002	 -4.8185200000000000e-001	 -9.1509800000000002e-002	  8.6909300000000000e-001	
  2.5260000000000002e+001	 -1.8660000000000000e+001	 -9.5194000000000005e+002	 -1.0231300000000000e-001	 -5.0126300000000001e-001	 -1.2551599999999999e-001	  8.5000799999999999e-001	
  2.3359999999999999e+001	 -1.3000000000000000e+001	 -9.5771000000000004e+002	 -1.1580600000000001e-001	 -5.1762500000000000e-001	 -1.3730700000000001e-001	  8.3654099999999998e-001	
  2.0620000000000001e+001	 -8.9900000000000002e+000	 -9.6448000000000002e+002	 -1.2330900000000000e-001	 -5.3793800000000003e-001	 -1.4811099999999999e-001	  8.2065900000000003e-001	
  1.7489999999999998e+001	 -5.3799999999999999e+000	 -9.7270000000000005e+002	 -1.3290800000000000e-001	 -5.5993499999999996e-001	 -1.5150900000000000e-001	  8.0364999999999998e-001	
  1.1020000000000000e+001	 -6.9999999999999996e-001	 -9.9154999999999995e+002	 -1.4330799999999999e-001	 -6.1033599999999999e-001	 -1.5720899999999999e-001	  7.6304499999999997e-001	
  8.1600000000000001e+000	  5.8999999999999997e-001	 -1.0020400000000000e+003	 -1.4801400000000001e-001	 -6.3586100000000001e-001	 -1.5441500000000000e-001	  7.4157099999999998e-001	
  5.6900000000000004e+000	  9.2000000000000004e-001	 -1.0123600000000000e+003	 -1.5211400000000000e-001	 -6.6036200000000000e-001	 -1.4831400000000000e-001	  7.2026800000000002e-001	
  3.3399999999999999e+000	 -4.7999999999999998e-001	 -1.0219700000000000e+003	 -1.5010899999999999e-001	 -6.8383899999999997e-001	 -1.4210800000000001e-001	  6.9974000000000003e-001	
 -4.2999999999999999e-001	 -6.2400000000000002e+000	 -1.0398299999999999e+003	 -1.3831599999999999e-001	 -7.2648400000000002e-001	 -1.2571399999999999e-001	  6.6127599999999997e-001	
 -1.3100000000000001e+000	 -8.9900000000000002e+000	 -1.0492400000000000e+003	 -1.4051000000000000e-001	 -7.4615200000000004e-001	 -1.1040800000000001e-001	  6.4134500000000005e-001	
 -2.5000000000000000e+000	 -1.3960000000000001e+001	 -1.0569300000000001e+003	 -1.3421400000000000e-001	 -7.6348099999999997e-001	 -9.4210000000000002e-002	  6.2466600000000005e-001	
 -4.1699999999999999e+000	 -2.1210000000000001e+001	 -1.0617900000000000e+003	 -1.1190899999999999e-001	 -7.7696399999999999e-001	 -8.3606899999999998e-002	  6.1385100000000004e-001	
 -6.8300000000000001e+000	 -3.6439999999999998e+001	 -1.0672600000000000e+003	 -8.1206100000000003e-002	 -7.9156000000000004e-001	 -4.5703399999999998e-002	  6.0394499999999995e-001	
 -7.9100000000000001e+000	 -4.4320000000000000e+001	 -1.0681099999999999e+003	 -6.9407399999999994e-002	 -7.9518500000000003e-001	 -2.2402399999999999e-002	  6.0196400000000005e-001	
 -8.8699999999999992e+000	 -5.3420000000000002e+001	 -1.0673199999999999e+003	 -4.9604200000000001e-002	 -7.9486699999999999e-001	 -1.0000800000000000e-003	  6.0475100000000004e-001	
 -9.6799999999999997e+000	 -6.4189999999999998e+001	 -1.0640100000000000e+003	 -2.0401099999999998e-002	 -7.9034400000000005e-001	  1.8801100000000001e-002	  6.1203399999999997e-001	
 -9.2200000000000006e+000	 -8.5299999999999997e+001	 -1.0549000000000001e+003	  2.5901600000000000e-002	 -7.7194799999999997e-001	  6.7704200000000006e-002	  6.3153899999999996e-001	
 -8.0099999999999998e+000	 -9.4200000000000003e+001	 -1.0500699999999999e+003	  4.3702999999999999e-002	 -7.6135200000000003e-001	  9.0906299999999995e-002	  6.4044400000000001e-001	
 -6.3300000000000001e+000	 -1.0247000000000000e+002	 -1.0448000000000000e+003	  6.3104999999999994e-002	 -7.4915900000000002e-001	  1.1050900000000000e-001	  6.5005100000000005e-001	
 -4.4800000000000004e+000	 -1.0911000000000000e+002	 -1.0398099999999999e+003	  7.6507300000000000e-002	 -7.3707000000000000e-001	  1.2951199999999999e-001	  6.5886299999999998e-001	
 -7.9000000000000004e-001	 -1.1859999999999999e+002	 -1.0295300000000000e+003	  9.3303300000000006e-002	 -7.1382599999999996e-001	  1.6110600000000000e-001	  6.7512399999999995e-001	
  1.0100000000000000e+000	 -1.2201000000000001e+002	 -1.0248399999999999e+003	  9.9112099999999995e-002	 -7.0188600000000001e-001	  1.7352100000000001e-001	  6.8368399999999996e-001	
  2.8599999999999999e+000	 -1.2481999999999999e+002	 -1.0198300000000000e+003	  1.0430300000000001e-001	 -6.9001800000000002e-001	  1.8430500000000000e-001	  6.9211800000000001e-001	
  4.6699999999999999e+000	 -1.2694000000000000e+002	 -1.0147500000000000e+003	  1.0730700000000000e-001	 -6.7724499999999999e-001	  1.9441300000000000e-001	  7.0144700000000004e-001	
  9.0700000000000003e+000	 -1.2978999999999999e+002	 -1.0019900000000000e+003	  1.1551300000000000e-001	 -6.4477300000000004e-001	  2.0772299999999999e-001	  7.2648199999999996e-001	
  1.2010000000000000e+001	 -1.3050000000000000e+002	 -9.9403999999999996e+002	  1.2271400000000000e-001	 -6.2307000000000001e-001	  2.0752300000000001e-001	  7.4408300000000005e-001	
  1.4600000000000000e+001	 -1.2956999999999999e+002	 -9.8622000000000003e+002	  1.2070900000000000e-001	 -6.0274399999999995e-001	  2.1081600000000000e-001	  7.6005599999999995e-001	
  1.6969999999999999e+001	 -1.2734999999999999e+002	 -9.7903999999999996e+002	  1.1730900000000000e-001	 -5.8364400000000005e-001	  2.1001600000000001e-001	  7.7555900000000000e-001	
  2.0430000000000000e+001	 -1.2062000000000000e+002	 -9.6664999999999998e+002	  1.0241300000000000e-001	 -5.5136900000000000e-001	  2.0252500000000001e-001	  8.0279999999999996e-001	
  2.1170000000000002e+001	 -1.1597000000000000e+002	 -9.6210000000000002e+002	  9.0408000000000002e-002	 -5.3984799999999999e-001	  1.9701800000000000e-001	  8.1337199999999998e-001	
  2.1410000000000000e+001	 -1.1073999999999999e+002	 -9.5851999999999998e+002	  7.8408099999999994e-002	 -5.3065499999999999e-001	  1.8651899999999999e-001	  8.2308499999999996e-001	
  2.1090000000000000e+001	 -1.0506000000000000e+002	 -9.5603999999999996e+002	  6.5504400000000004e-002	 -5.2363499999999996e-001	  1.7281199999999999e-001	  8.3165599999999995e-001	
  1.9530000000000001e+001	 -9.2640000000000001e+001	 -9.5330999999999995e+002	  3.4101899999999997e-002	 -5.1702899999999996e-001	  1.4650800000000000e-001	  8.4264700000000003e-001	
  1.8289999999999999e+001	 -8.5909999999999997e+001	 -9.5319000000000005e+002	  1.5701199999999998e-002	 -5.1763800000000004e-001	  1.3421000000000000e-001	  8.4486200000000000e-001	
  1.7199999999999999e+001	 -7.9280000000000001e+001	 -9.5330999999999995e+002	  0.0000000000000000e+000	 -5.1811099999999999e-001	  1.1740200000000001e-001	  8.4721800000000003e-001	
  1.5990000000000000e+001	 -7.2390000000000001e+001	 -9.5412000000000000e+002	 -1.4900200000000001e-002	 -5.1990599999999998e-001	  9.7501099999999993e-002	  8.4850999999999999e-001	
  1.3350000000000000e+001	 -5.7729999999999997e+001	 -9.5789999999999998e+002	 -4.6403600000000003e-002	 -5.2954100000000004e-001	  5.4404200000000000e-002	  8.4526500000000004e-001	
  1.1960000000000001e+001	 -4.9759999999999998e+001	 -9.6113000000000000e+002	 -6.8203799999999995e-002	 -5.3713000000000000e-001	  3.8702100000000003e-002	  8.3984599999999998e-001	
  1.0539999999999999e+001	 -4.1930000000000000e+001	 -9.6527999999999997e+002	 -9.0004899999999999e-002	 -5.4652999999999996e-001	  2.3901300000000000e-002	  8.3224600000000004e-001	
  9.0500000000000007e+000	 -3.4689999999999998e+001	 -9.7048000000000002e+002	 -1.0931399999999999e-001	 -5.5867400000000000e-001	  8.4011099999999998e-003	  8.2210899999999998e-001	
  6.2800000000000002e+000	 -2.2300000000000001e+001	 -9.8296000000000004e+002	 -1.4461099999999999e-001	 -5.8624600000000004e-001	 -1.5901300000000000e-002	  7.9696299999999998e-001	
  5.3799999999999999e+000	 -1.7260000000000002e+001	 -9.8913000000000000e+002	 -1.5702099999999999e-001	 -5.9997900000000004e-001	 -2.9403900000000000e-002	  7.8390400000000005e-001	
  4.8399999999999999e+000	 -1.1779999999999999e+001	 -9.9613000000000000e+002	 -1.7541399999999999e-001	 -6.1354900000000001e-001	 -3.6502899999999998e-002	  7.6906099999999999e-001	
  4.6699999999999999e+000	 -6.2199999999999998e+000	 -1.0038800000000000e+003	 -1.9631799999999999e-001	 -6.2685700000000000e-001	 -4.1203799999999999e-002	  7.5286900000000001e-001	
  4.7000000000000002e+000	  2.0200000000000000e+000	 -1.0204200000000000e+003	 -2.2641500000000001e-001	 -6.5854400000000002e-001	 -5.5203700000000001e-002	  7.1554799999999996e-001	
  4.8600000000000003e+000	  4.6699999999999999e+000	 -1.0292100000000000e+003	 -2.4232699999999999e-001	 -6.7417499999999997e-001	 -5.4205999999999997e-002	  6.9557700000000000e-001	
  4.7900000000000000e+000	  5.5499999999999998e+000	 -1.0372700000000000e+003	 -2.5010700000000002e-001	 -6.8991800000000003e-001	 -5.4501500000000001e-002	  6.7711800000000000e-001	
  4.4699999999999998e+000	  5.0599999999999996e+000	 -1.0446800000000001e+003	 -2.5602500000000000e-001	 -7.0446900000000001e-001	 -4.9904900000000002e-002	  6.6006399999999998e-001	
  2.1400000000000001e+000	 -1.7300000000000000e+000	 -1.0571500000000001e+003	 -2.5772000000000000e-001	 -7.3095800000000000e-001	 -2.3501899999999999e-002	  6.3144999999999996e-001	
  4.2999999999999999e-001	 -7.6799999999999997e+000	 -1.0625300000000000e+003	 -2.4962799999999999e-001	 -7.4498200000000003e-001	 -7.8008599999999997e-003	  6.1856800000000001e-001	
 -1.3300000000000001e+000	 -1.4710000000000001e+001	 -1.0673299999999999e+003	 -2.4052799999999999e-001	 -7.5848800000000005e-001	  1.1301300000000000e-002	  6.0557000000000005e-001	
 -2.9700000000000002e+000	 -2.2420000000000002e+001	 -1.0710200000000000e+003	 -2.2561200000000001e-001	 -7.7024099999999995e-001	  2.8501499999999999e-002	  5.9583200000000003e-001	
 -5.2900000000000000e+000	 -3.7560000000000002e+001	 -1.0760100000000000e+003	 -1.9992799999999999e-001	 -7.8721200000000002e-001	  6.6409399999999993e-002	  5.7958200000000004e-001	
 -6.1500000000000004e+000	 -4.5329999999999998e+001	 -1.0772900000000000e+003	 -1.8792000000000000e-001	 -7.9258399999999996e-001	  8.7409200000000006e-002	  5.7346100000000000e-001	
 -7.0199999999999996e+000	 -5.3729999999999997e+001	 -1.0767600000000000e+003	 -1.6922100000000001e-001	 -7.9600000000000004e-001	  1.0621300000000000e-001	  5.7137199999999999e-001	
 -7.8099999999999996e+000	 -6.2390000000000001e+001	 -1.0745699999999999e+003	 -1.4781500000000000e-001	 -7.9617800000000005e-001	  1.2501200000000001e-001	  5.7325599999999999e-001	
 -8.3399999999999999e+000	 -7.0879999999999995e+001	 -1.0710200000000000e+003	 -1.3011300000000001e-001	 -7.9208000000000001e-001	  1.4751500000000001e-001	  5.7785799999999998e-001	
 -8.4399999999999995e+000	 -8.6650000000000006e+001	 -1.0605699999999999e+003	 -8.7303599999999995e-002	 -7.7723200000000003e-001	  1.8340799999999999e-001	  5.9552499999999997e-001	
 -7.8300000000000001e+000	 -9.3680000000000007e+001	 -1.0545300000000000e+003	 -6.3804799999999995e-002	 -7.6725800000000000e-001	  1.9651500000000000e-001	  6.0714599999999996e-001	
 -6.9900000000000002e+000	 -9.9370000000000005e+001	 -1.0482100000000000e+003	 -4.1405299999999999e-002	 -7.5589700000000004e-001	  2.0502600000000001e-001	  6.2037900000000001e-001	
 -6.2699999999999996e+000	 -1.0278000000000000e+002	 -1.0424800000000000e+003	 -2.5402700000000000e-002	 -7.4507900000000005e-001	  2.0902200000000001e-001	  6.3286699999999996e-001	
 -6.0400000000000000e+000	 -1.0317000000000000e+002	 -1.0348800000000001e+003	 -1.1200600000000000e-002	 -7.2953599999999996e-001	  2.0201000000000000e-001	  6.5333200000000002e-001	
 -6.3600000000000003e+000	 -1.0134999999999999e+002	 -1.0323499999999999e+003	 -9.1006400000000001e-003	 -7.2385100000000002e-001	  1.9301399999999999e-001	  6.6234700000000002e-001	
 -6.8600000000000003e+000	 -9.8769999999999996e+001	 -1.0302200000000000e+003	 -1.1900900000000001e-002	 -7.1885600000000005e-001	  1.8511500000000000e-001	  6.6995300000000002e-001	
 -8.5299999999999994e+000	 -9.5730000000000004e+001	 -1.0276500000000001e+003	 -1.7201200000000000e-002	 -7.1354899999999999e-001	  1.7001200000000000e-001	  6.7944700000000002e-001	
 -2.1280000000000001e+001	 -8.8920000000000002e+001	 -1.0227900000000000e+003	 -2.8402699999999999e-002	 -6.9486499999999995e-001	  1.4171300000000001e-001	  7.0446600000000004e-001	
 -3.4100000000000001e+001	 -8.6040000000000006e+001	 -1.0202300000000000e+003	 -1.9701500000000000e-002	 -6.8925400000000003e-001	  1.3711100000000001e-001	  7.1115499999999998e-001	
 -4.9409999999999997e+001	 -8.4170000000000002e+001	 -1.0172000000000000e+003	 -1.6301199999999998e-002	 -6.8634899999999999e-001	  1.2790899999999999e-001	  7.1575100000000003e-001	
 -6.5859999999999999e+001	 -8.3079999999999998e+001	 -1.0142100000000000e+003	 -1.4001100000000000e-003	 -6.8725300000000000e-001	  1.2741000000000000e-001	  7.1515600000000001e-001	
 -9.0390000000000001e+001	 -8.3879999999999995e+001	 -1.0087000000000000e+003	  1.5701300000000001e-002	 -6.8215499999999996e-001	  1.2451000000000000e-001	  7.2035800000000005e-001	
 -9.8400000000000006e+001	 -8.5730000000000004e+001	 -1.0068300000000000e+003	  1.7801500000000001e-002	 -6.8765699999999996e-001	  1.1801000000000000e-001	  7.1616000000000002e-001	
 -1.0106000000000000e+002	 -8.7750000000000000e+001	 -1.0060300000000000e+003	  1.0301299999999999e-002	 -6.9208599999999998e-001	  1.0751300000000000e-001	  7.1368900000000002e-001	
 -9.9250000000000000e+001	 -8.8920000000000002e+001	 -1.0063500000000000e+003	  5.8004199999999997e-003	 -6.9995099999999999e-001	  9.7707100000000005e-002	  7.0745199999999997e-001	
 -7.6959999999999994e+001	 -8.4629999999999995e+001	 -1.0102100000000000e+003	 -1.8602700000000000e-002	 -7.0750199999999996e-001	  7.9311400000000004e-002	  7.0200099999999999e-001	
 -6.1060000000000002e+001	 -7.9900000000000006e+001	 -1.0137700000000000e+003	 -2.9401799999999999e-002	 -7.0864400000000005e-001	  7.6004799999999997e-002	  7.0084400000000002e-001	
 -4.5439999999999998e+001	 -7.5120000000000005e+001	 -1.0178000000000000e+003	 -5.1204699999999999e-002	 -7.1166499999999999e-001	  6.9806400000000005e-002	  6.9716400000000001e-001	
 -3.2000000000000000e+001	 -7.1159999999999997e+001	 -1.0219299999999999e+003	 -6.4404199999999995e-002	 -7.1564600000000000e-001	  6.1704000000000002e-002	  6.9274500000000006e-001	
 -1.6379999999999999e+001	 -6.6719999999999999e+001	 -1.0253900000000001e+003	 -8.3205299999999996e-002	 -7.1464499999999997e-001	  4.3702800000000000e-002	  6.9314399999999998e-001	
 -1.5050000000000001e+001	 -6.5040000000000006e+001	 -1.0246900000000001e+003	 -8.2003599999999996e-002	 -7.0813099999999995e-001	  3.6901600000000000e-002	  7.0033100000000004e-001	
 -1.8289999999999999e+001	 -6.3020000000000003e+001	 -1.0227300000000000e+003	 -8.5204900000000000e-002	 -7.0464099999999996e-001	  2.8801700000000000e-002	  7.0384100000000005e-001	
 -2.5300000000000001e+001	 -6.0850000000000001e+001	 -1.0193800000000000e+003	 -7.6604400000000003e-002	 -7.0244099999999998e-001	  2.5701499999999999e-002	  7.0714100000000002e-001	
 -3.4560000000000002e+001	 -5.8200000000000003e+001	 -1.0140599999999999e+003	 -7.1705400000000002e-002	 -6.9815199999999999e-001	  1.6701299999999999e-002	  7.1215300000000004e-001	
 -5.7100000000000001e+001	 -5.0060000000000002e+001	 -1.0002700000000000e+003	 -6.0005099999999999e-002	 -6.8135800000000002e-001	 -6.0005099999999997e-003	  7.2946200000000005e-001	
 -6.9310000000000002e+001	 -4.5350000000000001e+001	 -9.9254999999999995e+002	 -5.8702499999999998e-002	 -6.7012799999999995e-001	 -2.6901100000000001e-002	  7.3943099999999995e-001	
 -8.2290000000000006e+001	 -4.0649999999999999e+001	 -9.8494000000000005e+002	 -5.2605899999999997e-002	 -6.5937400000000002e-001	 -3.6504099999999998e-002	  7.4908399999999997e-001	
 -9.3689999999999998e+001	 -3.6439999999999998e+001	 -9.7780999999999995e+002	 -4.7804500000000000e-002	 -6.4666000000000001e-001	 -4.4604199999999997e-002	  7.5997099999999995e-001	
 -1.0956999999999999e+002	 -2.8960000000000001e+001	 -9.6679999999999995e+002	 -4.0703400000000001e-002	 -6.3935399999999998e-001	 -5.2104400000000002e-002	  7.6606500000000000e-001	
 -1.1170000000000000e+002	 -2.7020000000000000e+001	 -9.6439999999999998e+002	 -3.9903099999999997e-002	 -6.3905000000000001e-001	 -5.0604000000000003e-002	  7.6646000000000003e-001	
 -1.1017000000000000e+002	 -2.7500000000000000e+001	 -9.6446000000000004e+002	 -3.9003599999999999e-002	 -6.4415999999999995e-001	 -5.1304799999999998e-002	  7.6217100000000004e-001	
 -1.0356999999999999e+002	 -2.9410000000000000e+001	 -9.6687000000000000e+002	 -4.6405200000000001e-002	 -6.5197300000000002e-001	 -5.4106000000000001e-002	  7.5488400000000000e-001	
 -8.0890000000000001e+001	 -3.4340000000000003e+001	 -9.8012000000000000e+002	 -6.0405300000000002e-002	 -6.6935900000000004e-001	 -4.2403700000000003e-002	  7.3926499999999995e-001	
 -6.8040000000000006e+001	 -3.8979999999999997e+001	 -9.8967999999999995e+002	 -7.5305200000000003e-002	 -6.8474699999999999e-001	 -3.6702499999999999e-002	  7.2394999999999998e-001	
 -5.5180000000000000e+001	 -4.4140000000000001e+001	 -1.0011799999999999e+003	 -8.6503899999999995e-002	 -7.0143100000000003e-001	 -1.8300799999999999e-002	  7.0723100000000005e-001	
 -4.3140000000000001e+001	 -4.9270000000000003e+001	 -1.0126799999999999e+003	 -9.6703899999999995e-002	 -7.2052899999999998e-001	 -5.4002199999999998e-003	  6.8662800000000002e-001	
 -2.8230000000000000e+001	 -5.3750000000000000e+001	 -1.0354400000000001e+003	 -1.1790800000000000e-001	 -7.3794800000000005e-001	  2.4001600000000001e-002	  6.6404399999999997e-001	
 -3.0020000000000000e+001	 -5.3250000000000000e+001	 -1.0470000000000000e+003	 -1.2440900000000001e-001	 -7.4205200000000004e-001	  3.8902699999999998e-002	  6.5754599999999996e-001	
 -3.9640000000000001e+001	 -5.1119999999999997e+001	 -1.0595799999999999e+003	 -1.2680500000000000e-001	 -7.5163199999999997e-001	  5.7402500000000002e-002	  6.4472799999999997e-001	
 -5.4920000000000002e+001	 -4.9270000000000003e+001	 -1.0720000000000000e+003	 -1.2971299999999999e-001	 -7.6007400000000003e-001	  7.4707300000000004e-002	  6.3236199999999998e-001	
 -9.4900000000000006e+001	 -4.8850000000000001e+001	 -1.0937100000000000e+003	 -1.2020599999999999e-001	 -7.8103900000000004e-001	  9.7304799999999997e-002	  6.0502999999999996e-001	
 -1.1390000000000001e+002	 -4.9549999999999997e+001	 -1.1024700000000000e+003	 -1.1750900000000000e-001	 -7.8985799999999995e-001	  1.0530800000000000e-001	  5.9264399999999995e-001	
 -1.3075999999999999e+002	 -5.1009999999999998e+001	 -1.1095599999999999e+003	 -1.1140400000000000e-001	 -8.0273099999999997e-001	  1.1000400000000000e-001	  5.7542199999999999e-001	
 -1.4088999999999999e+002	 -5.2280000000000001e+001	 -1.1135899999999999e+003	 -1.1341000000000000e-001	 -8.1076999999999999e-001	  1.0630900000000000e-001	  5.6434799999999996e-001	
 -1.3883000000000001e+002	 -5.1960000000000001e+001	 -1.1118099999999999e+003	 -1.1321000000000001e-001	 -8.1196900000000005e-001	  1.0370900000000000e-001	  5.6314799999999998e-001	
 -1.2777000000000000e+002	 -5.0689999999999998e+001	 -1.1067800000000000e+003	 -1.2010300000000000e-001	 -8.0742300000000000e-001	  9.7002699999999997e-002	  5.6941600000000003e-001	
 -1.1281000000000000e+002	 -4.9420000000000002e+001	 -1.0998099999999999e+003	 -1.2800900000000001e-001	 -8.0315700000000001e-001	  8.4106000000000000e-002	  5.7574099999999995e-001	
 -9.6159999999999997e+001	 -4.8469999999999999e+001	 -1.0909000000000001e+003	 -1.3551199999999999e-001	 -8.0057100000000003e-001	  6.7905999999999994e-002	  5.7975100000000002e-001	
 -5.8079999999999998e+001	 -4.7340000000000003e+001	 -1.0647400000000000e+003	 -1.3721600000000000e-001	 -7.7279299999999995e-001	  1.8402200000000001e-002	  6.1937399999999998e-001	
 -4.4259999999999998e+001	 -4.5670000000000002e+001	 -1.0527700000000000e+003	 -1.2291400000000000e-001	 -7.5928799999999996e-001	  9.3010799999999998e-003	  6.3897400000000004e-001	
 -3.4430000000000000e+001	 -4.4270000000000003e+001	 -1.0408599999999999e+003	 -1.2611200000000000e-001	 -7.4237200000000003e-001	 -1.4001300000000000e-002	  6.5786299999999998e-001	
 -3.0980000000000000e+001	 -4.0920000000000002e+001	 -1.0305000000000000e+003	 -1.2470600000000000e-001	 -7.3273699999999997e-001	 -2.7201400000000001e-002	  6.6843399999999997e-001	
 -3.6770000000000003e+001	 -2.8430000000000000e+001	 -1.0140400000000000e+003	 -1.3111000000000000e-001	 -7.1915300000000004e-001	 -4.7003400000000001e-002	  6.8074999999999997e-001	
 -4.6990000000000002e+001	 -2.3010000000000002e+001	 -1.0074200000000000e+003	 -1.2591400000000000e-001	 -7.1387800000000001e-001	 -4.9505399999999998e-002	  6.8707499999999999e-001	
 -6.2180000000000000e+001	 -1.9520000000000000e+001	 -1.0020000000000000e+003	 -1.1210500000000000e-001	 -7.0803400000000005e-001	 -4.2402000000000002e-002	  6.9593300000000002e-001	
 -7.9340000000000003e+001	 -1.7789999999999999e+001	 -9.9746000000000004e+002	 -1.0130800000000000e-001	 -7.0275600000000005e-001	 -3.9803100000000001e-002	  7.0305600000000001e-001	
 -1.0509999999999999e+002	 -1.6359999999999999e+001	 -9.8814999999999998e+002	 -7.1603700000000006e-002	 -6.8983600000000000e-001	 -4.1202099999999998e-002	  7.1923700000000002e-001	
 -1.0818000000000001e+002	 -1.5550000000000001e+001	 -9.8276999999999998e+002	 -6.6601800000000003e-002	 -6.7431799999999997e-001	 -5.3001399999999997e-002	  7.3351900000000003e-001	
 -1.0603000000000000e+002	 -1.3240000000000000e+001	 -9.7870000000000005e+002	 -5.9604600000000001e-002	 -6.5995099999999995e-001	 -5.5804399999999997e-002	  7.4685800000000002e-001	
 -8.8370000000000005e+001	 -1.5440000000000000e+001	 -9.7389999999999998e+002	 -5.8303399999999998e-002	 -6.3473700000000000e-001	 -8.9205199999999998e-002	  7.6534500000000005e-001	
 -7.8359999999999999e+001	 -1.6020000000000000e+001	 -9.7649000000000001e+002	 -5.5601900000000003e-002	 -6.3472200000000001e-001	 -7.9502699999999996e-002	  7.6662600000000003e-001	
 -6.9859999999999999e+001	 -1.7300000000000001e+001	 -9.8225000000000000e+002	 -6.4102199999999998e-002	 -6.4622199999999996e-001	 -7.2102500000000000e-002	  7.5702599999999998e-001	
 -6.2180000000000000e+001	 -2.0120000000000001e+001	 -9.9017999999999995e+002	 -8.6408600000000002e-002	 -6.6456599999999999e-001	 -7.1407100000000001e-002	  7.3877400000000004e-001	
 -4.4009999999999998e+001	 -3.5310000000000002e+001	 -1.0044600000000000e+003	 -1.0381100000000000e-001	 -6.7466899999999996e-001	 -7.0507200000000006e-002	  7.2737499999999999e-001	
 -3.5850000000000001e+001	 -4.4560000000000002e+001	 -1.0097200000000000e+003	 -1.0950699999999999e-001	 -6.7204500000000000e-001	 -7.4704999999999994e-002	  7.2854900000000000e-001	
 -3.1780000000000001e+001	 -5.2159999999999997e+001	 -1.0139900000000000e+003	 -1.1541500000000000e-001	 -6.7798599999999998e-001	 -8.3910700000000005e-002	  7.2109199999999996e-001	
 -3.1520000000000000e+001	 -5.6890000000000001e+001	 -1.0169700000000000e+003	 -1.1871000000000000e-001	 -6.8835999999999997e-001	 -9.4208200000000006e-002	  7.0936100000000002e-001	
 -3.9859999999999999e+001	 -5.5250000000000000e+001	 -1.0224600000000000e+003	 -1.3700699999999999e-001	 -7.2893799999999997e-001	 -1.1420600000000000e-001	  6.6093500000000005e-001	
 -4.5750000000000000e+001	 -5.0090000000000003e+001	 -1.0271700000000001e+003	 -1.3880899999999999e-001	 -7.4524800000000002e-001	 -8.7805599999999998e-002	  6.4624099999999995e-001	
 -5.3359999999999999e+001	 -4.7049999999999997e+001	 -1.0319700000000000e+003	 -1.1630300000000000e-001	 -7.6081900000000002e-001	 -3.9801000000000003e-002	  6.3721600000000000e-001	
 -6.1180000000000000e+001	 -4.7570000000000000e+001	 -1.0360899999999999e+003	 -6.9104499999999999e-002	 -7.7155099999999999e-001	  1.8201200000000001e-002	  6.3214099999999995e-001	
 -6.8209999999999994e+001	 -5.4450000000000003e+001	 -1.0396900000000001e+003	  3.0502100000000001e-002	 -7.8245299999999995e-001	  1.0840700000000000e-001	  6.1244200000000004e-001	
 -6.5750000000000000e+001	 -5.6859999999999999e+001	 -1.0401400000000001e+003	  5.0502300000000000e-002	 -7.7763599999999999e-001	  1.3010600000000000e-001	  6.1302900000000005e-001	
 -6.1649999999999999e+001	 -5.8390000000000001e+001	 -1.0407100000000000e+003	  4.8904499999999997e-002	 -7.7417100000000005e-001	  1.3371200000000000e-001	  6.1675700000000000e-001	
 -5.7840000000000003e+001	 -5.9469999999999999e+001	 -1.0419600000000000e+003	  4.4303200000000001e-002	 -7.7085499999999996e-001	  1.3871000000000000e-001	  6.2014400000000003e-001	
 -4.7159999999999997e+001	 -6.1340000000000003e+001	 -1.0433000000000000e+003	  1.3000200000000000e-003	 -7.5451299999999999e-001	  1.1510200000000000e-001	  6.4611099999999999e-001	
 -4.4420000000000002e+001	 -6.3649999999999999e+001	 -1.0434100000000001e+003	 -2.6101800000000001e-002	 -7.5515399999999999e-001	  7.9005599999999995e-002	  6.5024599999999999e-001	
 -4.3180000000000000e+001	 -6.4530000000000001e+001	 -1.0444900000000000e+003	 -4.9204299999999999e-002	 -7.5236499999999995e-001	  4.7904200000000001e-002	  6.5515699999999999e-001	
 -4.2930000000000000e+001	 -6.4000000000000000e+001	 -1.0461600000000001e+003	 -6.7204000000000000e-002	 -7.5364500000000001e-001	  1.6101000000000001e-002	  6.5363899999999997e-001	
 -4.3369999999999997e+001	 -5.8950000000000003e+001	 -1.0500599999999999e+003	 -1.1400399999999999e-001	 -7.7942900000000004e-001	 -5.4401999999999999e-002	  6.1362300000000003e-001	
 -4.2310000000000002e+001	 -5.4750000000000000e+001	 -1.0523800000000001e+003	 -1.3351299999999999e-001	 -7.8997799999999996e-001	 -6.7006599999999999e-002	  5.9465900000000005e-001	
 -4.0990000000000002e+001	 -5.2149999999999999e+001	 -1.0532300000000000e+003	 -1.3590900000000000e-001	 -7.9865299999999995e-001	 -6.4004300000000000e-002	  5.8273900000000001e-001	
 -3.9390000000000001e+001	 -5.1189999999999998e+001	 -1.0523800000000001e+003	 -1.3130600000000001e-001	 -8.0623999999999996e-001	 -5.8802899999999998e-002	  5.7382800000000000e-001	
 -3.4880000000000003e+001	 -5.0399999999999999e+001	 -1.0464600000000000e+003	 -1.1680599999999999e-001	 -8.0813900000000005e-001	 -3.8201899999999997e-002	  5.7602799999999998e-001	
 -3.3090000000000003e+001	 -4.9109999999999999e+001	 -1.0429200000000001e+003	 -1.0201100000000000e-001	 -8.0608900000000006e-001	 -1.7801999999999998e-002	  5.8266399999999996e-001	
 -3.2090000000000003e+001	 -4.7479999999999997e+001	 -1.0390200000000000e+003	 -8.6204500000000003e-002	 -8.0474199999999996e-001	  1.7000900000000000e-003	  5.8733000000000002e-001	
 -3.1789999999999999e+001	 -4.5960000000000001e+001	 -1.0347100000000000e+003	 -6.8706000000000003e-002	 -7.9957000000000000e-001	  1.8201599999999998e-002	  5.9635199999999999e-001	
 -3.3109999999999999e+001	 -4.3789999999999999e+001	 -1.0231200000000000e+003	 -3.4104000000000002e-002	 -7.8819300000000003e-001	  3.5204199999999998e-002	  6.1347300000000005e-001	
 -3.5180000000000000e+001	 -4.2869999999999997e+001	 -1.0166000000000000e+003	 -1.1400700000000000e-002	 -7.8034899999999996e-001	  4.6102900000000002e-002	  6.2353899999999995e-001	
 -3.7039999999999999e+001	 -4.1969999999999999e+001	 -1.0101700000000000e+003	  1.2800700000000000e-002	 -7.6744100000000004e-001	  5.8303099999999997e-002	  6.3833399999999996e-001	
 -3.8789999999999999e+001	 -4.2950000000000003e+001	 -1.0032300000000000e+003	  2.9001300000000001e-002	 -7.5183400000000000e-001	  5.8302600000000003e-002	  6.5612899999999996e-001	
 -3.9170000000000002e+001	 -4.8299999999999997e+001	 -9.9216999999999996e+002	  3.4403599999999999e-002	 -7.0967400000000003e-001	  3.3903500000000003e-002	  7.0287299999999997e-001	
 -3.7979999999999997e+001	 -5.0920000000000002e+001	 -9.9025999999999999e+002	  3.1004199999999999e-002	 -6.8929399999999996e-001	  2.1502899999999998e-002	  7.2349900000000000e-001	
 -3.5700000000000003e+001	 -5.2649999999999999e+001	 -9.9159000000000003e+002	  2.9000999999999999e-002	 -6.7202300000000004e-001	  1.8700600000000001e-002	  7.3972599999999999e-001	
 -3.3240000000000002e+001	 -5.4520000000000003e+001	 -9.9542999999999995e+002	  1.8402000000000002e-002	 -6.6067100000000001e-001	  1.0201099999999999e-002	  7.5038099999999996e-001	
 -3.0859999999999999e+001	 -5.9450000000000003e+001	 -1.0066900000000001e+003	 -2.5001500000000000e-003	 -6.6383999999999999e-001	 -6.1003699999999999e-003	  7.4784499999999998e-001	
 -3.0120000000000001e+001	 -6.1930000000000000e+001	 -1.0117400000000000e+003	 -1.3001000000000000e-002	 -6.7034899999999997e-001	 -1.6201199999999999e-002	  7.4175500000000005e-001	
 -3.0469999999999999e+001	 -6.4810000000000002e+001	 -1.0153400000000000e+003	 -3.0802400000000001e-002	 -6.7915199999999998e-001	 -3.6202800000000000e-002	  7.3245700000000002e-001	
 -3.2509999999999998e+001	 -6.6420000000000002e+001	 -1.0179900000000000e+003	 -5.1103599999999999e-002	 -6.8924799999999997e-001	 -5.9704199999999999e-002	  7.2024999999999995e-001	
 -4.1359999999999999e+001	 -6.2369999999999997e+001	 -1.0217500000000000e+003	 -6.5805299999999997e-002	 -7.1745700000000001e-001	 -7.2805800000000004e-002	  6.8965500000000002e-001	
 -4.7579999999999998e+001	 -5.7020000000000003e+001	 -1.0228700000000000e+003	 -7.0106199999999994e-002	 -7.2636400000000001e-001	 -6.5705799999999995e-002	  6.8056000000000005e-001	
 -5.6399999999999999e+001	 -5.1859999999999999e+001	 -1.0228700000000000e+003	 -6.8405400000000005e-002	 -7.3145800000000005e-001	 -5.4504299999999999e-002	  6.7625400000000002e-001	
 -6.7989999999999995e+001	 -4.7170000000000002e+001	 -1.0223099999999999e+003	 -6.2703499999999995e-002	 -7.3874099999999998e-001	 -4.2202400000000001e-002	  6.6973800000000006e-001	
 -9.4569999999999993e+001	 -4.0939999999999998e+001	 -1.0192800000000000e+003	 -4.8101900000000003e-002	 -7.4622999999999995e-001	 -2.6301100000000001e-002	  6.6342699999999999e-001	
 -1.0736000000000000e+002	 -4.0009999999999998e+001	 -1.0179200000000000e+003	 -4.1100600000000001e-002	 -7.5141000000000002e-001	 -2.1300300000000001e-002	  6.5820900000000004e-001	
 -1.1563000000000000e+002	 -4.0219999999999999e+001	 -1.0164500000000000e+003	 -3.5103799999999998e-002	 -7.5708200000000003e-001	 -1.6401800000000001e-002	  6.5217000000000003e-001	
 -1.1495000000000000e+002	 -4.0890000000000001e+001	 -1.0140700000000001e+003	 -3.1701800000000002e-002	 -7.5334299999999998e-001	 -1.7201000000000001e-002	  6.5663800000000005e-001	
 -8.9790000000000006e+001	 -3.9899999999999999e+001	 -1.0100300000000000e+003	 -3.4103099999999997e-002	 -7.3446699999999998e-001	 -2.4002200000000001e-002	  6.7736200000000002e-001	
 -7.0750000000000000e+001	 -3.9369999999999997e+001	 -1.0095500000000000e+003	 -4.3501699999999997e-002	 -7.1872800000000003e-001	 -2.8901099999999999e-002	  6.9332700000000003e-001	
 -5.3570000000000000e+001	 -4.0390000000000001e+001	 -1.0099299999999999e+003	 -4.7302900000000002e-002	 -7.0874400000000004e-001	 -2.9901799999999999e-002	  7.0324299999999995e-001	
 -3.9479999999999997e+001	 -4.3579999999999998e+001	 -1.0107400000000000e+003	 -5.1805700000000003e-002	 -7.0477699999999999e-001	 -3.6804000000000003e-002	  7.0657700000000001e-001	
 -2.3399999999999999e+001	 -5.1350000000000001e+001	 -1.0138800000000000e+003	 -6.4104700000000001e-002	 -7.0545100000000005e-001	 -5.0403700000000003e-002	  7.0405099999999998e-001	
 -1.9829999999999998e+001	 -5.3359999999999999e+001	 -1.0152900000000000e+003	 -7.1606900000000001e-002	 -7.0506800000000003e-001	 -5.7505500000000001e-002	  7.0316800000000002e-001	
 -1.9260000000000002e+001	 -5.2159999999999997e+001	 -1.0168200000000001e+003	 -7.4204999999999993e-002	 -7.0654799999999995e-001	 -5.1903499999999998e-002	  7.0184700000000000e-001	
 -2.2510000000000002e+001	 -4.9140000000000001e+001	 -1.0183099999999999e+003	 -7.8403200000000006e-002	 -7.1142899999999998e-001	 -5.0701999999999997e-002	  6.9652800000000004e-001	
 -4.3079999999999998e+001	 -4.2789999999999999e+001	 -1.0196900000000001e+003	 -8.0503300000000000e-002	 -7.3312999999999995e-001	 -3.9901600000000002e-002	  6.7412700000000003e-001	
 -5.7280000000000001e+001	 -3.9960000000000001e+001	 -1.0192200000000000e+003	 -7.1104700000000007e-002	 -7.3924900000000004e-001	 -2.8901900000000001e-002	  6.6904399999999997e-001	
 -7.1640000000000001e+001	 -3.7770000000000003e+001	 -1.0172300000000000e+003	 -6.2003200000000001e-002	 -7.4343800000000004e-001	 -2.2801200000000001e-002	  6.6553399999999996e-001	
 -8.5760000000000005e+001	 -3.6149999999999999e+001	 -1.0137600000000000e+003	 -5.4203500000000002e-002	 -7.4444800000000000e-001	 -1.7601100000000001e-002	  6.6524300000000003e-001	
 -9.9739999999999995e+001	 -3.5119999999999997e+001	 -1.0092400000000000e+003	 -3.8803400000000002e-002	 -7.4426400000000004e-001	 -1.1501000000000001e-002	  6.6665799999999997e-001	
 -1.2248000000000000e+002	 -3.4140000000000001e+001	 -9.9687000000000000e+002	 -1.8302300000000001e-002	 -7.3629100000000003e-001	 -6.8008399999999998e-003	  6.7638299999999996e-001	
 -1.2694000000000000e+002	 -3.2640000000000001e+001	 -9.8989999999999998e+002	 -1.3001499999999999e-002	 -7.2148299999999999e-001	 -6.4007400000000002e-003	  6.9228000000000001e-001	
 -1.2736000000000000e+002	 -3.1539999999999999e+001	 -9.8335000000000002e+002	 -1.2001599999999999e-002	 -7.0569400000000004e-001	 -1.3101700000000001e-002	  7.0829399999999998e-001	
 -1.2352000000000000e+002	 -3.0020000000000000e+001	 -9.7888999999999999e+002	 -1.0900600000000000e-002	 -6.9443500000000002e-001	 -1.4000700000000000e-002	  7.1933599999999998e-001	
 -1.0720000000000000e+002	 -3.0079999999999998e+001	 -9.7980999999999995e+002	 -2.4403100000000000e-002	 -6.8308800000000003e-001	 -1.8502399999999999e-002	  7.2969399999999995e-001	
 -9.7290000000000006e+001	 -3.1480000000000000e+001	 -9.8602999999999997e+002	 -3.5301300000000001e-002	 -6.8352500000000005e-001	 -1.4600500000000001e-002	  7.2892699999999999e-001	
 -8.7120000000000005e+001	 -3.3979999999999997e+001	 -9.9514999999999998e+002	 -4.7905000000000003e-002	 -6.8907200000000002e-001	 -1.3801400000000000e-002	  7.2297599999999995e-001	
 -7.7920000000000002e+001	 -3.6250000000000000e+001	 -1.0058200000000001e+003	 -7.0304699999999998e-002	 -7.0464700000000002e-001	 -5.2003500000000003e-003	  7.0604699999999998e-001	
 -5.7689999999999998e+001	 -3.9490000000000002e+001	 -1.0268800000000001e+003	 -9.8810999999999996e-002	 -7.3688200000000004e-001	  1.5801800000000001e-002	  6.6857400000000000e-001	
 -4.8469999999999999e+001	 -3.9479999999999997e+001	 -1.0383299999999999e+003	 -1.1400600000000000e-001	 -7.4153800000000003e-001	  2.6201300000000000e-002	  6.6063400000000005e-001	
 -4.3789999999999999e+001	 -3.9390000000000001e+001	 -1.0496099999999999e+003	 -1.2640899999999999e-001	 -7.4925200000000003e-001	  3.1502200000000001e-002	  6.4934499999999995e-001	
 -4.4100000000000001e+001	 -3.9509999999999998e+001	 -1.0604300000000001e+003	 -1.4211399999999999e-001	 -7.5677300000000003e-001	  3.3503300000000000e-002	  6.3716200000000001e-001	
 -6.0310000000000002e+001	 -4.1520000000000003e+001	 -1.0749000000000001e+003	 -1.4340800000000001e-001	 -7.7484399999999998e-001	  3.9002200000000001e-002	  6.1443499999999995e-001	
 -7.2590000000000003e+001	 -4.2880000000000003e+001	 -1.0774800000000000e+003	 -1.3681499999999999e-001	 -7.7428200000000003e-001	  4.1704400000000003e-002	  6.1646500000000004e-001	
 -8.7120000000000005e+001	 -4.4130000000000003e+001	 -1.0777700000000000e+003	 -1.2590999999999999e-001	 -7.7826399999999996e-001	  5.1204199999999998e-002	  6.1304999999999998e-001	
 -1.0023999999999999e+002	 -4.5180000000000000e+001	 -1.0752400000000000e+003	 -1.1981000000000000e-001	 -7.7956499999999995e-001	  5.2004399999999999e-002	  6.1255099999999996e-001	
 -1.1883000000000000e+002	 -4.4100000000000001e+001	 -1.0672200000000000e+003	 -1.0150400000000000e-001	 -7.8033399999999997e-001	  6.2202700000000000e-002	  6.1392700000000000e-001	
 -1.2268000000000001e+002	 -4.2170000000000002e+001	 -1.0639500000000000e+003	 -9.9908899999999995e-002	 -7.8047000000000000e-001	  6.2805600000000003e-002	  6.1395500000000003e-001	
 -1.2381000000000000e+002	 -4.1359999999999999e+001	 -1.0611700000000001e+003	 -1.0300800000000000e-001	 -7.8666000000000003e-001	  5.9204500000000000e-002	  6.0584600000000000e-001	
 -1.1959000000000000e+002	 -4.1130000000000003e+001	 -1.0581199999999999e+003	 -1.0740800000000000e-001	 -7.8815700000000000e-001	  5.7004100000000002e-002	  6.0334299999999996e-001	
 -9.5109999999999999e+001	 -3.8539999999999999e+001	 -1.0489800000000000e+003	 -1.2220800000000000e-001	 -7.7804799999999996e-001	  4.7903000000000001e-002	  6.1433800000000005e-001	
 -7.8560000000000002e+001	 -3.6630000000000003e+001	 -1.0439900000000000e+003	 -1.3070899999999999e-001	 -7.6655099999999998e-001	  4.3402900000000001e-002	  6.2724100000000005e-001	
 -6.2530000000000001e+001	 -3.4509999999999998e+001	 -1.0398099999999999e+003	 -1.3601300000000000e-001	 -7.6037299999999997e-001	  4.2504100000000003e-002	  6.3366100000000003e-001	
 -4.7399999999999999e+001	 -3.2770000000000003e+001	 -1.0360200000000000e+003	 -1.5210699999999999e-001	 -7.5593600000000005e-001	  2.7601299999999999e-002	  6.3612999999999997e-001	
 -2.3800000000000001e+001	 -2.9770000000000000e+001	 -1.0285400000000000e+003	 -1.6481000000000001e-001	 -7.4814700000000001e-001	  1.6001000000000001e-002	  6.4254000000000000e-001	
 -1.6730000000000000e+001	 -2.9030000000000001e+001	 -1.0231700000000000e+003	 -1.6721300000000000e-001	 -7.4055700000000002e-001	  3.2002400000000000e-003	  6.5085000000000004e-001	
 -1.4670000000000000e+001	 -2.7690000000000001e+001	 -1.0165599999999999e+003	 -1.6151199999999999e-001	 -7.2985199999999995e-001	  2.1001499999999998e-003	  6.6424799999999995e-001	
 -1.7020000000000000e+001	 -2.6449999999999999e+001	 -1.0079800000000000e+003	 -1.4940700000000001e-001	 -7.1673500000000001e-001	 -5.0002500000000004e-003	  6.8113400000000002e-001	
 -3.4560000000000002e+001	 -2.3829999999999998e+001	 -9.8755999999999995e+002	 -1.2510700000000000e-001	 -6.9433900000000004e-001	 -2.2301200000000000e-002	  7.0833900000000005e-001	
 -4.5950000000000003e+001	 -2.3260000000000002e+001	 -9.7526999999999998e+002	 -1.1370200000000000e-001	 -6.8411299999999997e-001	 -3.0500599999999999e-002	  7.1981300000000004e-001	
